ID_chainID,ID_resSeq,ID_iCode,ID_serial,ID_altLoc,ID_resName,ID_name,atom_index,residue_index,atom_type,residue_type,center_x,center_y,center_z,radius,voromqa_sas_potential,residue_mean_sas_potential,residue_sum_sas_potential,residue_size,sas_area,solvdir_x,solvdir_y,solvdir_z,voromqa_sas_energy,voromqa_depth,voromqa_score_a,voromqa_score_r,volume,volume_vdw,ufsr_a1,ufsr_a2,ufsr_a3,ufsr_b1,ufsr_b2,ufsr_b3,ufsr_c1,ufsr_c2,ufsr_c3,ev28,ev56,ground_truth
A,1,.,.,.,GLU,.,0,0,6,6,-2.05277777777778,29.5982222222222,-0.616333333333333,1.91,1.80406,0.175107,1.57596,9,213.30721,-0.267593388888889,0.496525111111111,-0.178775666666667,-30.69654,1.22222222222222,0.218954555555556,0.218955,572.3106,108.90946,32.8306,192.098,96.8543,34.9808,199.265,-792.6,35.5641,192.064,-102.862,0.488834922222222,0.487690988888889,0.298215
A,2,.,.,.,ARG,.,1,1,1,1,4.32445454545455,28.5885454545455,-2.41263636363636,1.92,1.84464,0.247832,2.72615,11,119.5256077,0.109307154545455,0.513568545454545,-0.129403663636364,-33.05536338,1.36363636363636,0.149299463636364,0.149299,484.7423,137.6717,31.6945,197.666,193.194,34.9808,199.265,-792.6,35.5641,192.064,-102.862,0.811717318181818,0.809280854545455,0.412506
A,3,.,.,.,LEU,.,2,2,10,10,1.467125,26.766375,2.4345,2.01,2.13035,1.31155,10.4924,8,12.44448,-0.200645375,0.044670375,0.14219275,7.31207,1.875,0.2814312,0.281431,251.915,114.27792,30.5758,192.311,303.323,34.9808,199.265,-792.6,35.5641,192.064,-102.862,1.65214825,1.652091,0.219904
A,4,.,.,.,LEU,.,3,3,10,10,5.9025,25.134875,1.1405,2.01,2.13035,1.31155,10.4924,8,0.33116,-0.019323125,0.12339175,-0.0051073625,0.253971,2.625,0.373934,0.373934,183.981,114.04338,29.7963,193.385,387.08,34.9808,199.265,-792.6,35.5641,192.064,-102.862,1.80168,1.7999695,0.14383
A,5,.,.,.,ASP,.,4,4,3,3,8.63525,29.03475,2.742125,1.91,1.71635,0.28986,2.31888,8,118.78018,0.078497125,0.6649795,0.0153247375,-27.0107,1.25,0.55009425,0.550094,400.7187,87.81992,32.3963,206.097,327.491,34.9808,199.265,-792.6,35.5641,192.064,-102.862,0.5118772775,0.51158719625,0.241088
A,6,.,.,.,GLU,.,5,5,6,6,12.0655555555556,26.6125555555556,-0.827333333333333,1.91,1.80406,0.175107,1.57596,9,119.36416,0.153364744444444,0.277023,-0.171206555555556,-74.21196,1.66666666666667,0.505001111111111,0.505001,386.7188,103.18597,31.5819,200.363,367.409,34.9808,199.265,-792.6,35.5641,192.064,-102.862,1.11806613444444,1.11775473666667,0.230179
A,7,.,.,.,LEU,.,6,6,10,10,9.34375,23.795,-3.71425,2.01,2.13035,1.31155,10.4924,8,37.21352,0.2515055,0.0925715575,-0.25069575,28.96797,1.75,0.1387061625,0.138706,276.1348,113.8195,29.4066,184.913,428.561,35.8507,182.943,-803.855,35.5641,192.064,-102.862,1.499924125,1.505023875,0.349882
A,8,.,.,.,THR,.,7,7,16,16,12.8967142857143,21.9297142857143,-0.452285714285714,2.01,1.92461,0.687219,4.81053,7,25.35322,0.181928714285714,0.0177674285714286,-0.212862428571429,-1.10248,2,0.486556714285714,0.486557,207.96389,87.22386,28.671,173.722,500.879,35.5811,189.622,-883.338,35.5641,192.064,-102.862,1.51848242857143,1.51703642857143,0.168447
A,9,.,.,.,LEU,.,8,8,10,10,13.42275,18.245625,2.336875,2.01,2.13035,1.31155,10.4924,8,0,0,0,0,0,2.625,0.64066325,0.640663,177.10385,113.71405,26.9772,158.578,540.038,35.5811,189.622,-883.338,35.5641,192.064,-102.862,2,2,0.123775
A,10,.,.,.,GLU,.,9,9,6,6,15.5266666666667,22.5818888888889,3.77544444444444,1.91,1.80406,0.175107,1.57596,9,104.28308,0.247264222222222,0.156792888888889,0.0267106333333333,-67.68076,1.66666666666667,0.566537888888889,0.566538,371.24425,103.34398,29.1386,175.321,473.231,35.5811,189.622,-883.338,35.5641,192.064,-102.862,1.3376573,1.33748171111111,0.23067
A,11,.,.,.,GLY,.,10,10,7,7,10.542,23.31175,3.59725,1.9,1.11007,0.529328,2.11731,4,0,0,0,0,0,2,0.8085025,0.808503,70.1324,46.41599,29.2594,185.819,465.025,35.5811,189.622,-883.338,35.5641,192.064,-102.862,2,2,0.136005
A,12,.,.,.,VAL,.,11,11,19,19,8.765,20.1678571428571,4.03057142857143,2.01,2.38596,1.30011,9.1008,7,0,0,0,0,0,3,0.860719571428571,0.86072,138.41354,97.02247,26.6484,166.278,560.208,34.9808,199.265,-792.6,35.5641,192.064,-102.862,2,2,0.121701
A,13,.,.,.,ALA,.,12,12,0,0,10.7058,20.7226,7.543,1.92,1.97378,0.96356,4.8178,5,0,0,0,0,0,2.4,0.8141808,0.814181,96.4322,63.80949,27.1791,163.685,488.112,34.9808,199.265,-792.6,35.5641,192.064,-102.862,2,2,0.176216
A,14,.,.,.,ARG,.,13,13,1,1,11.4356363636364,25.3128181818182,6.84690909090909,1.92,1.84464,0.247832,2.72615,11,104.050347,0.28032,0.549321590909091,0.349752263636364,-35.9876378,1.27272727272727,0.539072272727273,0.539072,468.5521,137.82281,29.612,181.447,405.724,34.9808,199.265,-792.6,35.5641,192.064,-102.862,0.516943690909091,0.512683754545455,0.216845
A,15,.,.,.,TYR,.,14,14,18,18,4.21033333333333,22.9691666666667,6.62125,1.91,2.17883,0.980299,11.7636,12,0,0,0,0,0,2.25,0.53226125,0.532261,217.48948,141.86231,28.4257,176.513,438.937,34.9808,199.265,-792.6,35.5641,192.064,-102.862,2,2,0.113282
A,16,.,.,.,MET,.,15,15,12,12,6.683,19.118125,9.403125,1.94,1.97827,0.890458,7.12366,8,0,0,0,0,0,2.625,0.778814875,0.778815,179.4756,115.38667,26.6842,155.319,455.254,33.8725,161.942,-595.457,31.5209,165.459,225.653,2,2,0.208988
A,17,.,.,.,GLN,.,16,16,5,5,8.14477777777778,21.5646666666667,13.2043333333333,1.91,1.77783,0.304099,2.73689,9,99.204,0.211218455555556,0.199821888888889,0.285019888888889,-9.455277,1.55555555555556,0.548466077777778,0.548466,399.5135,105.94818,29.0395,163.758,335.42,33.5163,157.123,-631.186,31.5209,165.459,225.653,1.12417275555556,1.12371285555556,0.498137
A,18,.,.,.,SER,.,17,17,15,15,4.65583333333333,24.8938333333333,11.5813333333333,1.91,1.73647,0.568003,3.40802,6,14.20111,0.212039666666667,0.247718333333333,0.0613835,-1.61842,1.66666666666667,0.443674833333333,0.443675,164.5167,69.9129,30.7441,175.16,290.892,33.8725,161.942,-595.457,31.5209,165.459,225.653,1.43406073333333,1.42747291666667,0.131557
A,19,.,.,.,GLU,.,18,18,6,6,1.74833333333333,27.0786666666667,13.4403333333333,1.91,1.80406,0.175107,1.57596,9,167.026804654,-0.0931967222222222,0.407788777777778,0.368306555555556,-82.41600068,1.22222222222222,0.452440555555556,0.45244,471.3929,103.34822,31.5209,165.459,225.653,33.8725,161.942,-595.457,31.5209,165.459,225.653,0.526804355555556,0.694716622222222,0.299656
A,20,.,.,.,ARG,.,19,19,1,1,1.16009090909091,26.5651818181818,8.63309090909091,1.92,1.84464,0.247832,2.72615,11,83.279361,-0.355376978181818,0.415807863636364,0.0711736,-17.0759561,1.27272727272727,0.506377363636364,0.506377,451.1873,137.91265,30.1292,165.529,266.426,33.8725,161.942,-595.457,31.5209,165.459,225.653,0.828937727272727,0.824487545454546,0.293952
A,21,.,.,.,CYS,.,20,20,4,4,1.723,20.9545,10.3921666666667,1.91,2.00989,1.38398,8.30386,6,0,0,0,0,0,2.16666666666667,0.340911333333333,0.340911,125.1578,81.80388,27.3549,150.663,341.452,33.8725,161.942,-595.457,31.5209,165.459,225.653,2,2,0.157723
A,22,.,.,.,ARG,.,21,21,1,1,-0.375,20.8423636363636,14.3033636363636,1.92,1.84464,0.247832,2.72615,11,147.4474979,-0.334340545454545,0.0052956,0.518685090909091,-57.7876187,1.27272727272727,0.319311472727273,0.319312,545.0682,137.6661,27.0889,131.226,239.426,33.8725,161.942,-595.457,31.5209,165.459,225.653,0.684196172727273,0.799784663636364,0.333806
A,23,.,.,.,ARG,.,22,22,1,1,-4.47263636363636,17.2535454545455,11.2217272727273,1.92,1.84464,0.247832,2.72615,11,109.2332089,0.033267,6.78181818181828e-05,0.316767177363636,-54.2507801,1.72727272727273,0.471153836363636,0.471154,447.0977,137.80923,24.9552,113.423,219.871,33.8725,161.942,-595.457,31.5209,165.459,225.653,1.24659136363636,1.36085260909091,0.158127
A,24,.,.,.,VAL,.,23,23,19,19,0.718,14.0115714285714,8.54814285714286,2.01,2.38596,1.30011,9.1008,7,0,0,0,0,0,3,0.836411714285714,0.836412,146.2432,97.18813,22.961,105.123,319.085,33.8725,161.942,-595.457,31.5209,165.459,225.653,2,2,0.078939
A,25,.,.,.,ILE,.,24,24,9,9,-1.591625,11.6705,5.469625,2.01,2.51899,1.41804,11.3444,8,0,0,0,0,0,3.875,0.8605055,0.860505,167.6506,113.08863,21.4731,84.6749,231.067,33.8725,161.942,-595.457,31.5209,165.459,225.653,2,2,0.130989
A,26,.,.,.,CYS,.,25,25,4,4,1.5965,8.64383333333333,5.20716666666667,1.91,2.00989,1.38398,8.30386,6,0,0,0,0,0,4.16666666666667,0.991401,0.991401,117.5909,81.76344,20.2974,72.2453,221.312,34.9808,199.265,-792.6,35.5641,192.064,-102.862,2,2,0.0961657
A,27,.,.,.,LEU,.,26,26,10,10,0.45625,7.855875,1.06125,2.01,2.13035,1.31155,10.4924,8,0,0,0,0,0,3.75,0.92978825,0.929788,167.6381,111.78569,19.8558,60.5884,120.269,35.8507,182.943,-803.855,35.5641,192.064,-102.862,2,2,0.212527
A,28,.,.,.,VAL,.,27,27,19,19,3.256,3.84842857142857,1.83685714285714,2.01,2.38596,1.30011,9.1008,7,0,0,0,0,0,2.71428571428571,0.603326857142857,0.603327,133.7269,96.15084,19.4396,50.8832,38.2536,35.8507,182.943,-803.855,35.5641,192.064,-102.862,2,2,0.121642
A,29,.,.,.,GLY,.,28,28,7,7,5.207,1.46625,-0.53475,1.9,1.11007,0.529328,2.11731,4,0,0,0,0,0,2,0.5311495,0.531149,67.115,46.59757,19.7416,44.0731,-42.7157,35.8507,182.943,-803.855,35.5641,192.064,-102.862,2,2,0.134247
A,30,.,.,.,ALA,.,29,29,0,0,7.5716,-0.962,-1.7576,1.92,1.97378,0.96356,4.8178,5,33.34779,-0.2331208,-0.05605522,-0.3152148,2.735794,1.6,0.3807522,0.380752,234.5331,63.85408,20.4377,43.8137,-79.6506,35.8507,182.943,-803.855,35.5641,192.064,-102.862,1.540922,2,0.463467
A,31,.,.,.,GLY,.,30,30,7,7,10.101,1.278,-0.87,1.9,1.11007,0.529328,2.11731,4,2.256099,0.0569255,-0.031548775,-0.4909375,0.1548406,1.5,0.60639325,0.606393,99.2644,46.71419,21.0937,53.5869,-50.7925,35.8507,182.943,-803.855,35.5641,192.064,-102.862,1.443563,2,0.232006
A,32,.,.,.,ILE,.,31,31,9,9,8.8105,1.72075,2.785625,2.01,2.51899,1.41804,11.3444,8,0,0,0,0,0,2.75,0.527075125,0.527075,160.2369,113.24006,20.4735,55.873,-27.8372,35.8507,182.943,-803.855,35.5641,192.064,-102.862,2,2,0.144822
A,33,.,.,.,SER,.,32,32,15,15,10.2308333333333,-2.5155,2.25466666666667,1.91,1.73647,0.568003,3.40802,6,0,0,0,0,0,2.5,0.4505795,0.45058,111.8762,70.00736,20.8665,52.3813,-99.3271,35.8507,182.943,-803.855,35.5641,192.064,-102.862,2,2,0.146314
A,34,.,.,.,THR,.,33,33,16,16,13.5568571428571,-2.43657142857143,-0.182571428571429,2.01,1.92461,0.687219,4.81053,7,29.687207,0.196882714285714,-0.0922124285714286,-0.246513857142857,-2.3492124,1.71428571428571,0.330261142857143,0.330261,273.39598,88.23865,22.3442,55.4812,-133.446,35.8507,182.943,-803.855,35.5641,192.064,-102.862,1.38461485714286,1.53949085714286,0.265159
A,35,.,.,.,SER,.,34,34,15,15,15.9096666666667,-2.17033333333333,3.20483333333333,1.91,1.73647,0.568003,3.40802,6,60.848362,0.612600666666667,-0.0722954916666667,0.099969,11.520928,1.33333333333333,0.496406333333333,0.496406,245.4212,69.54368,23.4695,63.465,-145.451,34.1621,145.365,-664.978,35.5641,192.064,-102.862,0.794108966666667,0.792909966666667,0.15546
A,36,.,.,.,ALA,.,35,35,0,0,14.0306,-5.5302,4.8302,1.92,1.97378,0.96356,4.8178,5,12.5160153,0.3504108,-0.1342454,0.1241936,6.3546819,1.6,0.2772218,0.277222,141.3675,63.9912,23.0544,63.8394,-140.906,32.8306,192.098,96.8543,34.9808,199.265,-792.6,1.368373,1.368205,0.0920313
A,37,.,.,.,GLY,.,36,36,7,7,14.50725,-7.86525,2.1585,1.9,1.11007,0.529328,2.11731,4,57.977,0.43617875,-0.21261175,-0.09172925,0.90388,1.5,0.2664215,0.266422,185.2099,46.65426,24.2442,64.654,-144.346,32.8306,192.098,96.8543,34.9808,199.265,-792.6,1.0575315,1.05738075,0.236644
A,38,.,.,.,ILE,.,37,37,9,9,10.927625,-7.590375,1.14525,2.01,2.51899,1.41804,11.3444,8,1.517868,0.01854375,0.050032025,-0.117017125,1.391831,1.75,0.2095503875,0.20955,206.9343,112.01394,22.9096,60.8828,-99.3476,32.8306,192.098,96.8543,34.9808,199.265,-792.6,1.681282375,1.815963375,0.310338
A,39,.,.,.,PRO,.,38,38,14,14,11.6235714285714,-10.027,-2.058,1.92,1.84162,0.491625,3.44137,7,33.13101,0.404090285714286,-0.0482962571428571,-0.0676432142857143,-4.73035,1.57142857142857,0.547639142857143,0.547639,240.42946,88.62942,24.1894,63.7527,-145.617,32.8306,192.098,96.8543,34.9808,199.265,-792.6,1.33415614285714,1.331196,0.426936
A,40,.,.,.,ASP,.,39,39,3,3,11.00175,-7.622875,-6.725875,1.91,1.71635,0.28986,2.31888,8,46.697082624,0.255258375,0.0340495125,-0.0134851125,-12.04536083,1.5,0.553564,0.553564,291.88427,87.37639,24.1098,57.2557,-162.191,31.5209,165.459,225.653,33.8725,161.942,-595.457,1.265003375,1.427747625,0.478266
A,41,.,.,.,PHE,.,40,40,13,13,7.82336363636364,-11.3482727272727,-4.92463636363636,1.91,2.05442,1.19411,13.1352,11,40.505432,-0.273335090909091,0.144583636363636,-0.0348057272727273,37.54171,1.63636363636364,0.420363454545455,0.420364,362.158,135.17484,24.5226,65.7022,-143.384,31.5209,165.459,225.653,33.8725,161.942,-595.457,1.59142272727273,2,0.60652
A,42,.,.,.,ARG,.,41,41,1,1,8.52063636363636,-6.62054545454545,-10.2102727272727,1.92,1.84464,0.247832,2.72615,11,244.85919,-0.190215818181818,0.1142563,-0.3949352,-48.315487,1.27272727272727,0.451673090909091,0.451673,725.1532,137.65238,25.5274,60.9718,-166.973,31.5209,165.459,225.653,33.8725,161.942,-595.457,0.933434545454545,0.916337818181818,0.568311
A,43,.,.,.,SER,.,42,42,15,15,11.3035,-11.867,-10.3296666666667,1.91,1.73647,0.568003,3.40802,6,45.3165,0.288278,0.281193,-0.245522333333333,-9.086406,1.5,0.3900895,0.39009,212.0044,69.47126,27.4978,70.3209,-290.478,31.5209,165.459,225.653,33.8725,161.942,-595.457,1.1603335,1.15948483333333,0.382904
A,44,.,.,.,PRO,.,43,43,14,14,10.9998571428571,-15.0518571428571,-11.9534285714286,1.92,1.84162,0.491625,3.44137,7,94.462209,-0.0975214285714286,0.00590314285714284,-0.472698428571429,-25.2721354,1.28571428571429,0.456834285714286,0.456834,333.31334,88.32547,29.1893,86.2784,-386.595,31.5209,165.459,225.653,33.8725,161.942,-595.457,0.803162842857143,1.19516007142857,0.493924
A,45,.,.,.,SER,.,44,44,15,15,14.2295,-15.3106666666667,-9.6545,1.91,1.73647,0.568003,3.40802,6,135.920859,0.534271166666667,-0.113263516666667,0.0263783333333333,-8.783804,1.33333333333333,0.301910166666667,0.30191,354.1027,70.03716,29.8522,86.7337,-416.651,31.5209,165.459,225.653,33.8725,161.942,-595.457,0.701903783333333,0.701449116666667,0.34074
A,46,.,.,.,THR,.,45,45,16,16,11.9807142857143,-15.8975714285714,-6.18057142857143,2.01,1.92461,0.687219,4.81053,7,2.14416,0.367227,0.0973451428571429,0.0645104285714286,1.8546304,1.57142857142857,0.410307857142857,0.410308,167.2437,88.23343,28.0765,89.9207,-316.218,32.8306,192.098,96.8543,34.9808,199.265,-792.6,1.23979395714286,1.23073584285714,0.516259
A,47,.,.,.,GLY,.,46,46,7,7,11.82925,-18.802,-3.7845,1.9,1.11007,0.529328,2.11731,4,49.1149,0.44080475,0.002377,0.1948745,9.8267,1.5,0.5122295,0.512229,179.4048,46.56457,28.833,104.449,-263.365,32.8306,192.098,96.8543,34.9808,199.265,-792.6,1.0321017,1.031913575,0.542538
A,48,.,.,.,LEU,.,47,47,10,10,7.7555,-17.7385,-3.395875,2.01,2.13035,1.31155,10.4924,8,0.0603796,-0.069257125,0.043536125,-0.094514875,0.0320281,1.875,0.479366375,0.479366,176.91366,111.03607,27.1759,107.628,-180.207,32.8306,192.098,96.8543,34.9808,199.265,-792.6,1.8659215,2,0.347881
A,49,.,.,.,TYR,.,48,48,18,18,8.43241666666667,-18.9231666666667,-9.59541666666667,1.91,2.17883,0.980299,11.7636,12,96.35452,-0.08915825,0.0476500833333333,-0.167977775,4.37122,1.75,0.3242099,0.32421,460.00169,142.35707,28.4188,109.03,-338.728,31.5209,165.459,225.653,33.8725,161.942,-595.457,1.46738006333333,1.5516187875,0.80118
A,50,.,.,.,ASP,.,49,49,3,3,11.179375,-21.85375,-7.101625,1.91,1.71635,0.28986,2.31888,8,95.47262,0.383766375,-0.366215375,-0.1024218375,-36.7325,1.5,0.475762625,0.475763,341.2703,87.76138,30.9034,123.033,-459.172,32.8306,192.098,96.8543,34.9808,199.265,-792.6,0.7665610875,0.766244,0.500462
A,51,.,.,.,ASN,.,50,50,2,2,8.645375,-22.812625,-3.074375,1.91,1.56635,0.356168,2.84934,8,71.0723682,0.157535875,-0.3433945,0.3356997125,-26.32782439,1.375,0.71765925,0.717659,331.2814,91.36512,30.2393,135.513,-330.546,32.8306,192.098,96.8543,34.9808,199.265,-792.6,0.9233269875,1.0687060375,0.511967
A,52,.,.,.,LEU,.,51,51,10,10,4.608125,-21.420125,-5.650375,2.01,2.13035,1.31155,10.4924,8,5.10949,-0.017513875,0.099105875,-0.074137,3.47944,2,0.47670325,0.476703,214.291,113.34567,29.5874,137.791,-358.904,32.8306,192.098,96.8543,34.9808,199.265,-792.6,1.86343825,2,0.438823
A,53,.,.,.,GLU,.,52,52,6,6,7.14844444444444,-24.4193333333333,-9.59311111111111,1.91,1.80406,0.175107,1.57596,9,104.227109,-0.0020724111111111,-0.154502,-0.596985666666667,-57.906941,1.22222222222222,0.421610222222222,0.42161,396.5275,103.47226,32.1955,142.984,-568.857,31.5209,165.459,225.653,33.8725,161.942,-595.457,0.645919366666667,0.608567233333333,0.58054
A,54,.,.,.,LYS,.,53,53,11,11,4.68222222222222,-27.7293333333333,-5.17144444444444,1.92,1.70189,0.170134,1.53121,9,155.565488,0.131006666666667,-0.509152333333333,0.0543394555555556,-72.594244,1.33333333333333,0.427649333333333,0.427649,535.32137,122.36247,33.8725,161.942,-595.457,31.5209,165.459,225.653,33.8725,161.942,-595.457,0.701870011111111,0.7011233,0.361923
A,55,.,.,.,TYR,.,54,54,18,18,1.39325,-25.60725,-4.4825,1.91,2.17883,0.980299,11.7636,12,2.699904,-0.0218228333333333,-0.0765493333333333,0.0582950833333333,0.022138,2,0.37996925,0.379969,265.69807,141.00298,32.367,164.51,-525.8,32.3963,206.097,327.491,34.9808,199.265,-792.6,1.78598466666667,1.874183,0.49277
A,56,.,.,.,HIS,.,55,55,8,8,0.9064,-27.46,-10.7158,1.91,1.68392,0.470428,4.70428,10,197.8613,-0.1324233555,-0.3119974,-0.3645487,-16.737468,1.2,0.20811003,0.20811,536.7586,111.89239,33.5163,157.123,-631.186,31.5209,165.459,225.653,33.8725,161.942,-595.457,0.48103396,0.46663512,0.139408
A,57,.,.,.,LEU,.,56,56,10,10,-1.041625,-21.90325,-9.598,2.01,2.13035,1.31155,10.4924,8,27.44029697,0.36974725,0.1005741125,-0.303515,21.78428639,1.5,0.309608375,0.309608,274.47662,113.52295,31.255,144.595,-481.836,31.5209,165.459,225.653,33.8725,161.942,-595.457,1.354315875,1.7872335,0.257316
A,58,.,.,.,PRO,.,57,57,14,14,-4.14485714285714,-22.2898571428571,-12.7037142857143,1.92,1.84162,0.491625,3.44137,7,128.6517,-0.123342857142857,-0.319208857142857,-0.345490142857143,-3.18585,1.42857142857143,0.427813414285714,0.427813,367.2398,88.68979,32.9128,139.801,-505.754,31.5209,165.459,225.653,33.8725,161.942,-595.457,0.883116942857143,0.882734714285714,0.200456
A,59,.,.,.,TYR,.,58,58,18,18,-5.44633333333333,-18.1545833333333,-12.3219166666667,1.91,2.17883,0.980299,11.7636,12,96.464317,-0.42629675,0.122954233333333,-0.433791083333333,52.155576,1.33333333333333,0.308479341666667,0.308479,415.46714,141.00299,30.9207,118.354,-355.693,31.5209,165.459,225.653,33.8725,161.942,-595.457,0.794804,0.79446875,0.221224
A,60,.,.,.,PRO,.,59,59,14,14,-1.27728571428571,-15.9248571428571,-11.9902857142857,1.92,1.84162,0.491625,3.44137,7,117.843544,0.493512714285714,0.133310985714286,-0.0956338571428571,-30.2470304,1.28571428571429,0.524663,0.524663,396.94744,89.09829,28.3013,102.625,-212.153,31.5209,165.459,225.653,33.8725,161.942,-595.457,0.948968428571429,1.27198814285714,0.508742
A,61,.,.,.,GLU,.,60,60,6,6,-4.44788888888889,-13.9092222222222,-11.0784444444444,1.91,1.80406,0.175107,1.57596,9,105.07194,-0.230505,0.277791,-0.309591111111111,-62.063586,1.44444444444444,0.523072,0.523072,374.5849,102.80605,27.1034,96.8199,-109.29,31.5209,165.459,225.653,33.8725,161.942,-595.457,1.09807088888889,1.09743611111111,0.2363
A,62,.,.,.,ALA,.,61,61,0,0,-5.2288,-17.8376,-7.9794,1.92,1.97378,0.96356,4.8178,5,0,0,0,0,0,2.2,0.534775,0.534775,86.30844,62.94161,28.2228,121.69,-211.46,32.3963,206.097,327.491,34.9808,199.265,-792.6,2,2,0.149667
A,63,.,.,.,ILE,.,62,62,9,9,-2.265,-16.8935,-4.9445,2.01,2.51899,1.41804,11.3444,8,1.73035,0.104637375,0.034188,-0.059221625,1.40133,2.25,0.6803285,0.680328,189.1467,113.60503,26.4254,118.581,-79.5312,32.3963,206.097,327.491,34.9808,199.265,-792.6,1.86121775,2,0.26582
A,64,.,.,.,PHE,.,63,63,13,13,-3.60172727272727,-13.1528181818182,-4.44145454545455,1.91,2.05442,1.19411,13.1352,11,34.483438,0.110376090909091,0.187264636363636,-0.143669636363636,24.691162,1.81818181818182,0.485572454545455,0.485572,330.93904,133.88003,25.0012,100.322,15.1452,32.3963,206.097,327.491,34.9808,199.265,-792.6,1.68659454545455,2,0.375716
A,65,.,.,.,GLU,.,64,64,6,6,-9.66844444444444,-15.665,-6.21577777777778,1.91,1.80406,0.175107,1.57596,9,34.26458,-0.267746555555556,0.000447777777777783,-0.334852222222222,-21.034336,1.77777777777778,0.480052111111111,0.480052,240.37232,103.22049,26.941,114.488,-107.633,32.3963,206.097,327.491,34.9808,199.265,-792.6,1.21257666666667,1.21236211111111,0.206746
A,66,.,.,.,ILE,.,65,65,9,9,-11.92425,-16.436625,-2.160875,2.01,2.51899,1.41804,11.3444,8,8.23518,-0.233666375,0.0384089,0.032990475,6.35417,1.875,0.14822565,0.148226,209.50799,112.50966,27.4998,126.943,-133.946,32.3963,206.097,327.491,34.9808,199.265,-792.6,1.659746625,1.799480375,0.194129
A,67,.,.,.,SER,.,66,66,15,15,-12.7495,-19.3445,-4.99566666666667,1.91,1.73647,0.568003,3.40802,6,73.3681,-0.218969833333333,-0.0269799666666667,-0.196405166666667,-13.49751,1.66666666666667,0.4088285,0.408829,274.2317,70.30681,30.233,142.997,-286.132,32.3963,206.097,327.491,34.9808,199.265,-792.6,1.3676162,1.3673303,0.184713
A,68,.,.,.,TYR,.,67,67,18,18,-7.2155,-21.78725,-6.20083333333333,1.91,2.17883,0.980299,11.7636,12,14.750809,-0.192364666666667,-0.132152083333333,-0.204335083333333,9.055612,1.75,0.39781775,0.397818,279.25934,141.72512,30.1198,150.64,-322.819,32.3963,206.097,327.491,34.9808,199.265,-792.6,1.55542433333333,1.75799566666667,0.207811
A,69,.,.,.,PHE,.,68,68,13,13,-7.75463636363636,-19.9980909090909,0.0740909090909091,1.91,2.05442,1.19411,13.1352,11,0,0,0,0,0,2.81818181818182,0.390204909090909,0.390205,199.89164,134.81515,28.4959,152.514,-201.655,32.3963,206.097,327.491,34.9808,199.265,-792.6,2,2,0.121397
A,70,.,.,.,LYS,.,69,69,11,11,-12.6868888888889,-21.3378888888889,-0.161,1.92,1.70189,0.170134,1.53121,9,101.00447,-0.332531666666667,-0.229618922222222,0.0333609333333333,-50.525934,1.77777777777778,0.446847666666667,0.446848,430.4711,122.43789,30.4749,168.196,-340.722,32.3963,206.097,327.491,34.9808,199.265,-792.6,1.33895811111111,1.33617066666667,0.145483
A,71,.,.,.,LYS,.,70,70,11,11,-11.5441111111111,-25.4271111111111,-4.06844444444444,1.92,1.70189,0.170134,1.53121,9,248.53938,-0.2037978,-0.518153,-0.0395464444444444,-127.97809,1.22222222222222,0.510019,0.510019,645.6776,122.62002,32.6528,180.245,-469.192,32.3963,206.097,327.491,34.9808,199.265,-792.6,0.4891253,0.488325811111111,0.367283
A,72,.,.,.,HIS,.,71,71,8,8,-4.9998,-25.4729,-3.6616,1.91,1.68392,0.470428,4.70428,10,41.87433,-0.16181051,-0.5144611,-0.19667675,-2.3225782,1.5,0.4633217,0.463322,272.305,111.63907,31.4472,177.372,-395.396,32.3963,206.097,327.491,34.9808,199.265,-792.6,1.0154627,1.0129078,0.482498
A,73,.,.,.,PRO,.,72,72,14,14,-5.25928571428571,-23.6572857142857,0.533857142857143,1.92,1.84162,0.491625,3.44137,7,9.89742,-0.0448962857142857,-0.273165,0.070114,0.0877399999999999,2,0.646624714285714,0.646625,160.68056,88.25582,29.1141,167.945,-190.967,35.5641,192.064,-102.862,35.8507,182.943,-803.855,1.62824971428571,2,0.180389
A,74,.,.,.,GLU,.,73,73,6,6,-1.28388888888889,-25.9116666666667,-0.148222222222222,1.91,1.80406,0.175107,1.57596,9,89.132572,-0.172209966666667,-0.331474888888889,0.0125776333333333,-57.485819,1.55555555555556,0.613212555555556,0.613213,353.8599,101.81605,29.5341,168.916,-180.818,35.5641,192.064,-102.862,35.8507,182.943,-803.855,1.21378005555556,1.18449887777778,0.598469
A,75,.,.,.,PRO,.,74,74,14,14,-0.697,-22.0422857142857,-2.60614285714286,1.92,1.84162,0.491625,3.44137,7,0,0,0,0,0,2.14285714285714,0.860639,0.860639,114.89973,87.81619,28.1632,149.048,-154.39,32.3963,206.097,327.491,34.9808,199.265,-792.6,2,2,0.562959
A,76,.,.,.,PHE,.,75,75,13,13,-2.25863636363636,-17.2839090909091,0.475363636363636,1.91,2.05442,1.19411,13.1352,11,0,0,0,0,0,2.90909090909091,0.830814909090909,0.830815,202.56113,133.33779,25.9134,131.338,44.4142,35.5641,192.064,-102.862,35.8507,182.943,-803.855,2,2,0.326799
A,77,.,.,.,PHE,.,76,76,13,13,-1.65481818181818,-20.7182727272727,3.761,1.91,2.05442,1.19411,13.1352,11,0.0328515,0.0636034545454545,-0.0644761818181818,0.00786698181818182,0.0323886,2.36363636363636,0.590544,0.590544,230.50485,134.49801,26.3205,140.95,93.0465,35.5641,192.064,-102.862,35.8507,182.943,-803.855,1.90427790909091,2,0.191822
A,78,.,.,.,ALA,.,77,77,0,0,3.4182,-20.322,0.979,1.92,1.97378,0.96356,4.8178,5,0.947762,0.1245222,-0.2853906,0.2071354,0.2044414,1.8,0.7024842,0.702484,135.2989,64.15439,26.9512,136.954,24.2291,35.5641,192.064,-102.862,35.8507,182.943,-803.855,1.5819684,2,0.455882
A,79,.,.,.,LEU,.,78,78,10,10,2.934625,-16.029875,-0.1715,2.01,2.13035,1.31155,10.4924,8,0.0503944,0.04716525,0.013844875,-0.114929375,0.0267315,2.25,0.79819675,0.798197,182.29444,111.91291,24.7862,110.327,97.4078,35.5641,192.064,-102.862,35.8507,182.943,-803.855,1.864855875,2,0.326276
A,80,.,.,.,ALA,.,79,79,0,0,2.2886,-16.348,3.966,1.92,1.97378,0.96356,4.8178,5,0,0,0,0,0,3.2,0.877361,0.877361,105.2666,63.14662,23.9489,108.341,199.763,35.5641,192.064,-102.862,35.8507,182.943,-803.855,2,2,0.411245
A,81,.,.,.,LYS,.,80,80,11,11,6.02966666666667,-19.6374444444444,5.62033333333333,1.92,1.70189,0.170134,1.53121,9,60.58787,0.197891088888889,-0.108589777777778,-0.109059733333333,-47.3506,2,0.599517222222222,0.599517,373.47508,122.4933,25.3948,118.594,170.807,35.5641,192.064,-102.862,35.8507,182.943,-803.855,1.45478858888889,1.5724096,0.341533
A,82,.,.,.,GLU,.,81,81,6,6,8.38966666666667,-15.8224444444444,2.39011111111111,1.91,1.80406,0.175107,1.57596,9,30.3232,0.190136,-0.0832702222222222,0.0673313333333333,-20.06269,2,0.662850333333333,0.66285,279.536,103.45216,24.7684,100.616,108.841,35.5641,192.064,-102.862,35.8507,182.943,-803.855,1.64539922222222,1.645174,0.623177
A,83,.,.,.,LEU,.,82,82,10,10,5.536,-12.15675,3.304125,2.01,2.13035,1.31155,10.4924,8,0,0,0,0,0,2.75,0.613309375,0.61331,199.7435,114.34239,22.7407,81.4526,128.43,35.5641,192.064,-102.862,35.8507,182.943,-803.855,2,2,0.643072
A,84,.,.,.,TYR,.,83,83,18,18,3.90008333333333,-14.3198333333333,9.76033333333333,1.91,2.17883,0.980299,11.7636,12,0,0,0,0,0,2.75,0.426625916666667,0.426626,200.29447,135.14744,23.1866,91.6149,187.713,35.5641,192.064,-102.862,35.8507,182.943,-803.855,2,2,0.583108
A,85,.,.,.,PRO,.,84,84,14,14,4.27885714285714,-11.656,10.5277142857143,1.92,1.84162,0.491625,3.44137,7,0,0,0,0,0,2.42857142857143,0.557799,0.557799,138.15699,86.71985,22.8441,82.184,139.714,35.5641,192.064,-102.862,35.8507,182.943,-803.855,2,2,0.34778
A,86,.,.,.,GLY,.,85,85,7,7,8.771,-12.13175,11.5085,1.9,1.11007,0.529328,2.11731,4,22.932,0.1021475,-0.0342495,0.29946125,3.1493371,1.5,0.405888,0.405888,178.8932,47.05607,24.4164,88.9629,94.9293,35.5641,192.064,-102.862,35.8507,182.943,-803.855,1.3825355,1.650682,0.456996
A,87,.,.,.,GLN,.,86,86,5,5,9.91266666666667,-13.8656666666667,8.33022222222222,1.91,1.77783,0.304099,2.73689,9,76.0000063,0.369935333333333,-0.193676222222222,0.1118204,-18.7282258,1.66666666666667,0.436297888888889,0.436298,343.6911,105.56574,24.4284,86.9159,76.7372,35.5641,192.064,-102.862,35.8507,182.943,-803.855,1.28719611111111,1.28459488888889,0.49503
A,88,.,.,.,PHE,.,87,87,13,13,11.0117272727273,-9.71463636363636,6.57709090909091,1.91,2.05442,1.19411,13.1352,11,16.574417,0.214610545454545,-0.148347545454545,0.0468935090909091,11.855364,1.72727272727273,0.201486090909091,0.201486,284.91855,135.59609,23.3497,73.5454,-27.5937,35.5641,192.064,-102.862,35.8507,182.943,-803.855,1.56673727272727,1.56637327272727,0.357354
A,89,.,.,.,LYS,.,88,88,11,11,13.7752222222222,-6.43644444444444,11.1184444444444,1.92,1.70189,0.170134,1.53121,9,74.438382,0.186015666666667,-0.177196855555556,-0.120249688888889,-57.424257,1.88888888888889,0.370359222222222,0.370359,374.54161,122.27992,23.3028,72.4684,-108.907,35.5641,192.064,-102.862,35.8507,182.943,-803.855,1.4365701,1.5733115,0.157094
A,90,.,.,.,PRO,.,89,89,14,14,10.9374285714286,-2.83371428571429,10.7287142857143,1.92,1.84162,0.491625,3.44137,7,0,0,0,0,0,2.42857142857143,0.569801571428571,0.569802,121.87328,87.92225,21.8485,65.498,-109.781,35.5641,192.064,-102.862,35.8507,182.943,-803.855,2,2,0.143588
A,91,.,.,.,THR,.,90,90,16,16,12.506,0.133,7.82642857142857,2.01,1.92461,0.687219,4.81053,7,0.10044048,0.274456428571429,-0.0574597142857143,0.0338938428571429,0.01168421,2.14285714285714,0.729067857142857,0.729068,140.2408,87.82775,22.1946,69.2715,-113.424,34.1621,145.365,-664.978,35.5641,192.064,-102.862,1.65740485714286,2,0.132044
A,92,.,.,.,ILE,.,91,91,9,9,14.60225,3.976875,8.910875,2.01,2.51899,1.41804,11.3444,8,32.619012,0.149490125,-0.181956,-0.0355808,24.985017,2.375,0.600371125,0.600371,276.44038,113.63898,22.8372,81.5059,-60.3051,35.5811,189.622,-883.338,35.5641,192.064,-102.862,1.658921875,1.659389125,0.191868
A,93,.,.,.,CYS,.,92,92,4,4,10.6418333333333,4.44166666666667,6.87783333333333,1.91,2.00989,1.38398,8.30386,6,0,0,0,0,0,3.33333333333333,0.9180185,0.918018,116.6826,81.26,21.2564,73.7223,53.4316,35.5811,189.622,-883.338,35.5641,192.064,-102.862,2,2,0.146152
A,94,.,.,.,HIS,.,93,93,8,8,8.1588,1.2244,8.4866,1.91,1.68392,0.470428,4.70428,10,0,0,0,0,0,3.1,0.8381418,0.838142,157.12299,111.86444,20.7792,65.1503,-17.184,35.5811,189.622,-883.338,35.5641,192.064,-102.862,2,2,0.111349
A,95,.,.,.,TYR,.,94,94,18,18,11.1186666666667,2.07441666666667,13.4149166666667,1.91,2.17883,0.980299,11.7636,12,0,0,0,0,0,2.83333333333333,0.600793833333333,0.600794,183.5726,140.3574,22.3355,79.6582,-49.7217,32.9128,139.801,-505.754,31.5209,165.459,225.653,2,2,0.0912969
A,96,.,.,.,PHE,.,95,95,13,13,9.87963636363636,9.27290909090909,10.1377272727273,1.91,2.05442,1.19411,13.1352,11,0,0,0,0,0,3.63636363636364,0.952473545454545,0.952474,201.87448,135.00274,22.3455,89.3043,105.396,35.5811,189.622,-883.338,35.5641,192.064,-102.862,2,2,0.17713
A,97,.,.,.,MET,.,96,96,12,12,5.636125,6.103625,10.03825,1.94,1.97827,0.890458,7.12366,8,0,0,0,0,0,3.375,0.855519875,0.85552,169.61685,114.67504,21.3023,76.9325,113.813,33.5163,157.123,-631.186,31.5209,165.459,225.653,2,2,0.140731
A,98,.,.,.,ARG,.,97,97,1,1,7.32209090909091,3.94454545454545,16.6117272727273,1.92,1.84464,0.247832,2.72615,11,55.8399,-0.0321660909090909,-0.00951281818181818,0.0844944545454546,-28.35,2.18181818181818,0.677332090909091,0.677332,333.6537,137.42566,22.5044,78.5172,-6.62923,32.9128,139.801,-505.754,31.5209,165.459,225.653,1.82488235454545,1.82477379090909,0.197409
A,99,.,.,.,LEU,.,98,98,10,10,8.82325,9.161375,15.545125,2.01,2.13035,1.31155,10.4924,8,0,0,0,0,0,2.5,0.70152,0.70152,178.2249,113.2566,24.0083,96.354,47.0948,32.9128,139.801,-505.754,31.5209,165.459,225.653,2,2,0.172392
A,100,.,.,.,LEU,.,99,99,10,10,5.1715,11.078375,12.64025,2.01,2.13035,1.31155,10.4924,8,0,0,0,0,0,3,0.69172525,0.691725,168.36472,113.93553,23.2966,96.9455,172.042,33.5163,157.123,-631.186,31.5209,165.459,225.653,2,2,0.132862
A,101,.,.,.,LYS,.,100,100,11,11,1.77033333333333,7.274,16.3833333333333,1.92,1.70189,0.170134,1.53121,9,29.56656,-0.138900222222222,0.0527845555555556,0.337437555555556,-10.481386,1.66666666666667,0.552347,0.552347,273.16602,120.79873,23.4903,83.8682,41.6125,33.5163,157.123,-631.186,31.5209,165.459,225.653,1.28824422222222,1.27774322222222,0.211314
A,102,.,.,.,ASP,.,101,101,3,3,4.863125,8.75825,19.279625,1.91,1.71635,0.28986,2.31888,8,100.33065,-0.1230575625,-0.0736910375,0.671723875,-10.64481,1.25,0.535659875,0.53566,365.2502,87.5623,25.578,91.8898,-3.53308,33.5163,157.123,-631.186,31.5209,165.459,225.653,0.5663225,0.5657881,0.156128
A,103,.,.,.,LYS,.,102,102,11,11,6.27644444444444,13.3834444444444,18.584,1.92,1.70189,0.170134,1.53121,9,112.107947,-0.0397384455555556,0.416571111111111,0.458212555555556,-58.1806693,1.33333333333333,0.597734333333333,0.597734,430.9513,122.06936,26.5257,107.961,81.5134,33.5163,157.123,-631.186,31.5209,165.459,225.653,0.7470424,0.744608311111111,0.131107
A,104,.,.,.,GLY,.,103,103,7,7,1.127,13.87225,16.8485,1.9,1.11007,0.529328,2.11731,4,62.7934,-0.37593675,0.0782732,0.30761925,1.91254,1.5,0.31882025,0.31882,209.5354,46.74627,26.1836,101.467,86.1704,33.5163,157.123,-631.186,31.5209,165.459,225.653,1.037062725,1.03415565,0.185014
A,105,.,.,.,LEU,.,104,104,10,10,2.39175,14.91775,13.5365,2.01,2.13035,1.31155,10.4924,8,0.264419,0.0603965,0.053227875,0.095624625,0.14026,1.875,0.4325018,0.432502,212.9495,113.70686,24.7031,107.494,202.435,33.8725,161.942,-595.457,31.5209,165.459,225.653,1.845936,2,0.273305
A,106,.,.,.,LEU,.,105,105,10,10,0.154625,10.003375,12.093125,2.01,2.13035,1.31155,10.4924,8,7.59198,-0.063817625,0.018154625,0.105937375,5.82238,2.125,0.438047625,0.438048,210.274,113.42315,22.8465,87.4803,139.346,33.8725,161.942,-595.457,31.5209,165.459,225.653,1.840761125,1.84090475,0.141503
A,107,.,.,.,LEU,.,106,106,10,10,-4.32725,11.540625,10.599,2.01,2.13035,1.31155,10.4924,8,19.1465,-0.04873675,0.0104612,0.114631125,13.0383,2,0.335651125,0.335651,238.0032,111.76163,23.094,81.7326,64.2977,33.8725,161.942,-595.457,31.5209,165.459,225.653,1.83476125,1.83503,0.244927
A,108,.,.,.,ARG,.,107,107,1,1,-4.87445454545455,8.07736363636364,10.0848181818182,1.92,1.84464,0.247832,2.72615,11,42.80617,-0.0560261909090909,0.0752024545454545,0.141988818181818,-21.73276,2.36363636363636,0.583255272727273,0.583255,331.7727,135.65147,21.4233,65.6595,6.6492,33.8725,161.942,-595.457,31.5209,165.459,225.653,1.75055690909091,1.75120418181818,0.248372
A,109,.,.,.,CYS,.,108,108,4,4,-0.741833333333333,5.13116666666667,7.0575,1.91,2.00989,1.38398,8.30386,6,0,0,0,0,0,3.33333333333333,0.7772,0.7772,116.038,80.90762,20.0638,55.9797,12.6698,33.8725,161.942,-595.457,31.5209,165.459,225.653,2,2,0.141949
A,110,.,.,.,TYR,.,109,109,18,18,-3.3955,4.13808333333333,1.70025,1.91,2.17883,0.980299,11.7636,12,0,0,0,0,0,3.16666666666667,0.878964416666667,0.878964,218.89868,139.07037,19.7802,48.4937,-47.7586,33.8725,161.942,-595.457,31.5209,165.459,225.653,2,2,0.419284
A,111,.,.,.,THR,.,110,110,16,16,-0.100285714285714,0.917857142857143,3.10814285714286,2.01,1.92461,0.687219,4.81053,7,0,0,0,0,0,3.42857142857143,0.687308571428571,0.687309,119.6036,86.49988,19.2548,40.8403,-75.1142,35.8507,182.943,-803.855,35.5641,192.064,-102.862,2,2,0.203846
A,112,.,.,.,GLN,.,111,111,5,5,-0.503111111111111,0.00177777777777776,-1.26744444444444,1.91,1.77783,0.304099,2.73689,9,10.92042,0.0932173333333333,-0.0989801111111111,-0.17474,1.206977,1.88888888888889,0.673118333333333,0.673118,217.7561,103.85138,19.6156,38.0809,-80.3592,35.8507,182.943,-803.855,35.5641,192.064,-102.862,1.74661533333333,2,0.424954
A,113,.,.,.,ASN,.,112,112,2,2,2.856,-2.73525,1.581875,1.91,1.56635,0.356168,2.84934,8,1.50727,-0.017177375,-0.09078575,-0.084189625,-0.524707,1.875,0.46886175,0.468862,174.8441,90.28698,19.5702,39.8731,-57.329,35.5641,192.064,-102.862,35.8507,182.943,-803.855,1.85580925,2,0.153249
A,114,.,.,.,ILE,.,113,113,9,9,1.379875,-7.49775,1.993,2.01,2.51899,1.41804,11.3444,8,11.22922,0.07691875,0.102340625,-0.21262375,10.0574,2.25,0.48583725,0.485837,251.736,113.81751,20.1522,49.8685,27.5831,35.5641,192.064,-102.862,35.8507,182.943,-803.855,1.71646175,2,0.460319
A,115,.,.,.,ASP,.,114,114,3,3,5.239875,-6.82475,4.401375,1.91,1.71635,0.28986,2.31888,8,0.0592256,-0.0374335,-0.012687375,-0.1185865,-0.0300358,2.625,0.565293875,0.565294,158.3169,85.66605,20.4584,54.4891,25.1501,35.5641,192.064,-102.862,35.8507,182.943,-803.855,1.864338875,2,0.215653
A,116,.,.,.,THR,.,115,115,16,16,3.03557142857143,-6.44214285714286,8.55071428571429,2.01,1.92461,0.687219,4.81053,7,0,0,0,0,0,2.57142857142857,0.383899428571429,0.383899,148.6832,87.58362,20.4195,55.2921,20.1717,35.5641,192.064,-102.862,35.8507,182.943,-803.855,2,2,0.384952
A,117,.,.,.,LEU,.,116,116,10,10,6.777125,-3.830625,8.517,2.01,2.13035,1.31155,10.4924,8,0,0,0,0,0,2.625,0.244915625,0.244916,159.90885,113.34105,20.534,55.4039,-42.1182,35.5641,192.064,-102.862,35.8507,182.943,-803.855,2,2,0.163784
A,118,.,.,.,GLU,.,117,117,6,6,3.44722222222222,-0.698666666666667,8.75577777777778,1.91,1.80406,0.175107,1.57596,9,0,0,0,0,0,3.33333333333333,0.615984333333333,0.615984,158.14377,103.29135,20.1759,52.291,-52.262,35.5641,192.064,-102.862,35.8507,182.943,-803.855,2,2,0.172721
A,119,.,.,.,ARG,.,118,118,1,1,1.118,-3.34481818181818,14.6628181818182,1.92,1.84464,0.247832,2.72615,11,45.5319,0.0693125454545455,-0.0576618181818182,0.147821090909091,-23.11657,2,0.550723909090909,0.550724,329.08244,137.08733,21.2313,57.3818,-31.9011,35.5641,192.064,-102.862,35.8507,182.943,-803.855,1.69612629090909,1.69006847272727,0.540134
A,120,.,.,.,ILE,.,119,119,9,9,5.97225,-4.90575,13.40425,2.01,2.51899,1.41804,11.3444,8,12.87622,-0.106396675,-0.26901175,0.402503125,14.09747,1.875,0.256565875,0.256566,251.81504,113.99663,22.1513,65.9883,-29.366,35.5641,192.064,-102.862,35.8507,182.943,-803.855,1.411103125,2,0.30286
A,121,.,.,.,ALA,.,120,120,0,0,6.6224,-0.4188,14.2756,1.92,1.97378,0.96356,4.8178,5,0,0,0,0,0,2.2,0.519718,0.519718,96.6518,63.24271,22.1173,67.3661,-87.7801,35.5641,192.064,-102.862,35.8507,182.943,-803.855,2,2,0.0598587
A,122,.,.,.,GLY,.,121,121,7,7,3.5395,0.55925,16.12025,1.9,1.11007,0.529328,2.11731,4,5.69174,0.059734975,-0.0536415,0.47188675,0.153243,1.5,0.5749545,0.574954,117.1369,46.60166,22.8622,66.8952,-66.9688,35.5641,192.064,-102.862,35.8507,182.943,-803.855,1.33682475,2,0.257419
A,123,.,.,.,LEU,.,122,122,10,10,1.704,2.0675,13.395,2.01,2.13035,1.31155,10.4924,8,0,0,0,0,0,2.5,0.403741375,0.403741,164.1841,113.46846,21.7779,59.8789,-57.9428,35.5641,192.064,-102.862,35.8507,182.943,-803.855,2,2,0.23207
A,124,.,.,.,GLU,.,123,123,6,6,-1.81066666666667,0.485555555555556,16.5562222222222,1.91,1.80406,0.175107,1.57596,9,80.99496,-0.180545,-0.0103298888888889,0.449500666666667,-46.651666,1.66666666666667,0.632016333333333,0.632016,321.0314,102.10677,22.722,57.9106,-61.4238,35.5641,192.064,-102.862,35.8507,182.943,-803.855,0.981743766666667,0.9802806,0.657268
A,125,.,.,.,GLN,.,124,124,5,5,-5.20455555555556,-1.66877777777778,13.2385555555556,1.91,1.77783,0.304099,2.73689,9,32.4332,-0.132665,-0.0390893444444444,0.170213111111111,-4.124834,1.88888888888889,0.481295111111111,0.481295,279.9197,105.91674,22.5006,54.6523,-76.5621,35.5641,192.064,-102.862,35.8507,182.943,-803.855,1.68183422222222,1.67870644444444,0.447463
A,126,.,.,.,GLU,.,125,125,6,6,-6.26044444444444,3.86066666666667,15.297,1.91,1.80406,0.175107,1.57596,9,138.0135401,-0.227284,-0.116487111111111,0.343144222222222,-81.7767152,1.44444444444444,0.327964666666667,0.327965,452.6062,103.27414,23.2709,55.3897,-120.436,35.5641,192.064,-102.862,35.8507,182.943,-803.855,1.00469814444444,1.00282586666667,0.547865
A,127,.,.,.,ASP,.,126,126,3,3,-2.83025,4.757375,12.938125,1.91,1.71635,0.28986,2.31888,8,1.985,-0.03593775,0.079752125,0.089292,-1.00668,2.25,0.536918,0.536918,150.6509,86.78896,21.8935,56.8324,-86.7133,33.8725,161.942,-595.457,31.5209,165.459,225.653,1.840589375,2,0.318061
A,128,.,.,.,LEU,.,127,127,10,10,-3.051,1.684625,9.4055,2.01,2.13035,1.31155,10.4924,8,0,0,0,0,0,3,0.2689355,0.268936,194.3699,113.73477,20.678,48.9085,-107.535,35.5641,192.064,-102.862,35.8507,182.943,-803.855,2,2,0.285813
A,129,.,.,.,VAL,.,128,128,19,19,-5.62214285714286,2.56171428571429,5.472,2.01,2.38596,1.30011,9.1008,7,0,0,0,0,0,3,0.510387285714286,0.510387,161.6561,96.12614,20.6041,46.179,-139.787,35.5641,192.064,-102.862,35.8507,182.943,-803.855,2,2,0.323604
A,130,.,.,.,GLU,.,129,129,6,6,-3.51188888888889,-1.50155555555556,4.74888888888889,1.91,1.80406,0.175107,1.57596,9,0,0,0,0,0,3.11111111111111,0.569192888888889,0.569193,177.067,102.97723,20.0657,42.7051,-110.45,35.5641,192.064,-102.862,35.8507,182.943,-803.855,2,2,0.381557
A,131,.,.,.,ALA,.,130,130,0,0,-5.0496,-1.7458,0.1904,1.92,1.97378,0.96356,4.8178,5,1.36915,-0.1099162,-0.0338852,-0.163616,0.691422,2,0.632444,0.632444,125.5793,64.14124,20.4724,42.1372,-103.024,35.5641,192.064,-102.862,35.8507,182.943,-803.855,1.7729916,2,0.509462
A,132,.,.,.,HIS,.,131,131,8,8,-4.0239,-5.1199,-0.9268,1.91,1.68392,0.470428,4.70428,10,46.683949,0.0431072,-0.04163932,-0.2477174,-13.45986717,1.8,0.6645295,0.664529,343.9895,112.17758,20.8841,49.4889,-28.5954,35.5641,192.064,-102.862,35.8507,182.943,-803.855,1.5352123,1.7741248,0.446193
A,133,.,.,.,GLY,.,132,132,7,7,-4.75425,-5.632,4.05425,1.9,1.11007,0.529328,2.11731,4,0,0,0,0,0,2.5,0.5833465,0.583347,81.8241,46.85598,21.0824,56.4149,-15.4758,35.5641,192.064,-102.862,35.8507,182.943,-803.855,2,2,0.273063
A,134,.,.,.,THR,.,133,133,16,16,-3.592,-7.47114285714286,7.36542857142857,2.01,1.92461,0.687219,4.81053,7,0,0,0,0,0,3,0.480810714285714,0.480811,155.55905,87.58223,21.0034,62.0107,55.9589,35.5641,192.064,-102.862,35.8507,182.943,-803.855,2,2,0.28672
A,135,.,.,.,PHE,.,134,134,13,13,-0.910363636363636,-11.0901818181818,6.27190909090909,1.91,2.05442,1.19411,13.1352,11,0,0,0,0,0,3.18181818181818,0.592836090909091,0.592836,219.34763,133.39105,21.9343,79.7303,158.475,35.5641,192.064,-102.862,35.8507,182.943,-803.855,2,2,0.545879
A,136,.,.,.,TYR,.,135,135,18,18,-2.00191666666667,-8.15866666666667,13.7059166666667,1.91,2.17883,0.980299,11.7636,12,50.93907,-0.00591675000000001,-0.03107425,0.188333833333333,-0.3984,1.91666666666667,0.3944655,0.394466,360.8948,142.36766,22.4553,77.4783,123.071,35.5641,192.064,-102.862,35.8507,182.943,-803.855,1.62664066666667,1.61764983333333,0.351269
A,137,.,.,.,THR,.,136,136,16,16,-5.84942857142857,-9.829,11.5177142857143,2.01,1.92461,0.687219,4.81053,7,1.00184,-0.113341571428571,0.0767798571428571,0.0408254285714286,-0.165334,2.14285714285714,0.571975857142857,0.571976,175.9684,87.84718,23.7206,89.2415,87.7835,35.5641,192.064,-102.862,35.8507,182.943,-803.855,1.81220814285714,1.80132514285714,0.246163
A,138,.,.,.,SER,.,137,137,15,15,-7.40166666666667,-13.9361666666667,11.0493333333333,1.91,1.73647,0.568003,3.40802,6,0,0,0,0,0,2.33333333333333,0.657738333333333,0.657738,100.0626,69.75843,24.9347,112.166,46.7075,35.5641,192.064,-102.862,35.8507,182.943,-803.855,2,2,0.18276
A,139,.,.,.,HIS,.,138,138,8,8,-11.0081,-13.2024,10.6675,1.91,1.68392,0.470428,4.70428,10,35.9079719,-0.3465282,0.3819796,-0.22264036,-5.6019105423,1.6,0.4574086,0.457409,290.49388,112.07486,26.7704,127.502,-128.279,35.5641,192.064,-102.862,35.8507,182.943,-803.855,1.3030489,1.5912711,0.233914
A,140,.,.,.,CYS,.,139,139,4,4,-13.3291666666667,-17.8373333333333,9.72,1.91,2.00989,1.38398,8.30386,6,0.556709,-0.0170341666666667,0.1331375,-0.0988028333333333,0.433341,2,0.411953166666667,0.411953,119.32535,79.98225,28.9815,152.665,-351.413,35.5641,192.064,-102.862,35.8507,182.943,-803.855,1.82274066666667,2,0.278126
A,141,.,.,.,VAL,.,140,140,19,19,-13.9118571428571,-18.2128571428571,5.681,2.01,2.38596,1.30011,9.1008,7,5.55534,-0.113894314285714,0.183746142857143,-0.104510571428571,5.402169,1.71428571428571,0.300305714285714,0.300306,211.9117,97.00681,28.934,148.71,-316.753,35.5641,192.064,-102.862,35.8507,182.943,-803.855,1.47510442857143,1.78584857142857,0.21477
A,142,.,.,.,SER,.,141,141,15,15,-17.7941666666667,-18.6455,7.70483333333333,1.91,1.73647,0.568003,3.40802,6,28.17898,-0.180654333333333,-0.312355333333333,-0.338142333333333,-1.844,1.5,0.565954833333333,0.565955,172.6815,70.05919,31.6022,157.515,-558.172,35.5641,192.064,-102.862,35.8507,182.943,-803.855,1.23302716666667,1.23077716666667,0.202725
A,143,.,.,.,ALA,.,142,142,0,0,-20.222,-15.7712,7.1702,1.92,1.97378,0.96356,4.8178,5,84.513613,-0.2147906,0.08734212,-0.3386908,11.688922,1.2,0.4121144,0.412114,282.6723,64.3587,31.7261,137.529,-493.217,35.5641,192.064,-102.862,35.8507,182.943,-803.855,0.64406686,0.62258528,0.314145
A,144,.,.,.,SER,.,143,143,15,15,-21.8626666666667,-17.7003333333333,10.0451666666667,1.91,1.73647,0.568003,3.40802,6,159.6506,-0.447364666666667,-0.00896304999999999,0.127489316666667,-4.02881,1.33333333333333,0.553832166666667,0.553832,387.2347,70.44919,34.1621,145.365,-664.978,35.5641,192.064,-102.862,35.8507,182.943,-803.855,0.67895001,0.678370575,0.209754
A,145,.,.,.,CYS,.,144,144,4,4,-18.6591666666667,-17.7365,11.9083333333333,1.91,2.00989,1.38398,8.30386,6,34.6653,-0.2367745,0.0219183166666667,0.405623333333333,30.69887,1.5,0.508864,0.508864,211.7733,78.97392,32.8811,151.421,-656.855,35.5641,192.064,-102.862,35.8507,182.943,-803.855,1.04948605,1.04519341666667,0.21444
A,146,.,.,.,ARG,.,145,145,1,1,-17.8740909090909,-13.1274545454545,10.0149090909091,1.92,1.84464,0.247832,2.72615,11,210.58869,0.0902111818181818,0.396183145454545,-0.0385057272727273,-88.9452456,1.27272727272727,0.381311745454545,0.381312,612.483,137.50746,29.9286,134.944,-416.406,35.5641,192.064,-102.862,35.8507,182.943,-803.855,0.701149654545455,0.638119254545455,0.355917
A,147,.,.,.,HIS,.,146,146,8,8,-13.4047,-16.9855,15.5813,1.91,1.68392,0.470428,4.70428,10,77.317617357,-0.17826294,0.1241388,0.3362179,-9.847112493,1.5,0.6822176,0.682218,334.25092,112.49986,30.3671,140.6,-401.774,35.5641,192.064,-102.862,35.8507,182.943,-803.855,1.05857595,1.05398805,0.156304
A,148,.,.,.,GLU,.,147,147,6,6,-10.5448888888889,-12.628,15.5032222222222,1.91,1.80406,0.175107,1.57596,9,108.326384,-0.152998444444444,0.241623522222222,0.623525222222222,-54.7991143,1.22222222222222,0.682620333333333,0.68262,386.1576,103.56966,28.189,123.629,-169.573,35.5641,192.064,-102.862,35.8507,182.943,-803.855,0.643517788888889,0.639896266666667,0.110966
A,149,.,.,.,TYR,.,148,148,18,18,-8.89883333333333,-17.58475,14.9518333333333,1.91,2.17883,0.980299,11.7636,12,0.25548,0.004996775,-0.006349125,0.08294075,0.193355,2,0.553601666666667,0.553602,212.4506,139.24558,27.9697,130.451,-80.8791,35.5641,192.064,-102.862,35.8507,182.943,-803.855,1.89074458333333,2,0.20415
A,150,.,.,.,PRO,.,149,149,14,14,-4.77671428571429,-14.8294285714286,17.3122857142857,1.92,1.84162,0.491625,3.44137,7,86.2664497,-0.145471528571429,0.209388271428571,0.396519714285714,-25.54404265,1.57142857142857,0.686222571428571,0.686223,326.06761,88.65345,27.0789,114.533,50.8232,35.5641,192.064,-102.862,35.8507,182.943,-803.855,0.950911028571429,0.9486836,0.220641
A,151,.,.,.,LEU,.,150,150,10,10,-0.38525,-13.25425,14.828125,2.01,2.13035,1.31155,10.4924,8,16.066826,0.091821625,0.081394125,0.209087625,8.59292,2.25,0.41431875,0.414319,249.93413,112.60179,25.5195,107.772,137.337,35.5641,192.064,-102.862,35.8507,182.943,-803.855,1.699379875,2,0.415718
A,152,.,.,.,SER,.,151,151,15,15,0.1675,-16.2263333333333,17.892,1.91,1.73647,0.568003,3.40802,6,85.7387,0.0656137333333333,0.0508241666666667,0.283314,-15.26533,1.66666666666667,0.5930225,0.593023,294.583,70.57497,27.7216,120.893,115.807,35.5641,192.064,-102.862,35.8507,182.943,-803.855,1.35609598333333,1.35573156666667,0.239361
A,153,.,.,.,TRP,.,152,152,17,17,-4.47192857142857,-20.0825,15.6590714285714,1.91,2.30258,1.10554,15.4775,14,17.8239736,0.0385833885714286,-0.0726107214285714,0.254979714285714,9.40469921,1.71428571428571,0.388462714285714,0.388463,301.00963,163.36907,28.9499,141.301,14.9285,35.5641,192.064,-102.862,35.8507,182.943,-803.855,1.57506942857143,1.66482778571429,0.240863
A,154,.,.,.,MET,.,153,153,12,12,-2.55,-18.119875,12.2945,1.94,1.97827,0.890458,7.12366,8,0,0,0,0,0,2.875,0.5069495,0.50695,170.3056,113.24753,27.0554,138.972,81.2863,35.5641,192.064,-102.862,35.8507,182.943,-803.855,2,2,0.304491
A,155,.,.,.,LYS,.,154,154,11,11,3.553,-17.682,14.0001111111111,1.92,1.70189,0.170134,1.53121,9,31.04185,0.140624333333333,-0.153999444444444,0.227373222222222,-21.88879,1.88888888888889,0.595198,0.595198,331.62624,119.40328,26.9385,130.992,147.346,35.5641,192.064,-102.862,35.8507,182.943,-803.855,1.586315,1.55979011111111,0.434561
A,156,.,.,.,GLU,.,155,155,6,6,1.32111111111111,-21.6701111111111,16.6187777777778,1.91,1.80406,0.175107,1.57596,9,138.06549,0.278968444444444,-0.356353266666667,0.295016333333333,-78.91561,1.55555555555556,0.348614944444444,0.348615,439.6363,103.03282,29.7033,150.349,47.8325,35.5641,192.064,-102.862,35.8507,182.943,-803.855,0.738868966666667,0.737380137777778,0.358552
A,157,.,.,.,LYS,.,156,156,11,11,-1.65544444444444,-23.8588888888889,12.9973333333333,1.92,1.70189,0.170134,1.53121,9,61.600649,0.0151782155555556,-0.0920195333333333,0.178946222222222,-51.866158,2,0.338472766666667,0.338473,329.24731,121.9966,29.856,165.617,-42.2471,35.5641,192.064,-102.862,35.8507,182.943,-803.855,1.56000248888889,1.55958703333333,0.248298
A,158,.,.,.,ILE,.,157,157,9,9,1.4865,-21.043625,9.0175,2.01,2.51899,1.41804,11.3444,8,0,0,0,0,0,2.375,0.2990485,0.299048,204.61721,113.57765,28.1047,153.487,74.7947,35.5641,192.064,-102.862,35.8507,182.943,-803.855,2,2,0.250235
A,159,.,.,.,PHE,.,158,158,13,13,5.592,-20.9078181818182,10.7591818181818,1.91,2.05442,1.19411,13.1352,11,67.075686,0.304096909090909,-0.0806045454545455,0.161207181818182,60.619843,1.72727272727273,0.181456963636364,0.181457,358.48783,134.0029,29.2833,149.338,91.0506,35.5641,192.064,-102.862,35.8507,182.943,-803.855,1.3985759,1.39381158181818,0.331236
A,160,.,.,.,SER,.,159,159,15,15,2.92883333333333,-26.3208333333333,11.704,1.91,1.73647,0.568003,3.40802,6,73.0433,0.218676166666667,-0.328944666666667,0.251818333333333,-1.2001,1.66666666666667,0.255121533333333,0.255122,246.8756,69.70175,31.9474,169.038,-30.8085,35.5641,192.064,-102.862,35.8507,182.943,-803.855,1.00568454666667,1.00554312,0.256129
A,161,.,.,.,GLU,.,160,160,6,6,4.02111111111111,-27.7902222222222,7.72144444444444,1.91,1.80406,0.175107,1.57596,9,163.540876,0.118589205555556,-0.247966444444444,-0.278573,-82.475724,1.22222222222222,0.411734,0.411734,530.8481,103.2365,31.5637,174.619,-74.3503,35.5641,192.064,-102.862,35.8507,182.943,-803.855,0.579829634444444,0.716843007777778,0.221883
A,162,.,.,.,VAL,.,161,161,19,19,-1.19342857142857,-26.7641428571429,9.583,2.01,2.38596,1.30011,9.1008,7,63.273299,-0.0942457142857143,-0.393891857142857,0.00052441428571429,43.38378,1.71428571428571,0.126288971428571,0.126289,298.8082,97.62428,31.8404,185.521,-175.734,35.5641,192.064,-102.862,35.8507,182.943,-803.855,1.20568462857143,1.19958414285714,0.128997
A,163,.,.,.,THR,.,162,162,16,16,-4.24271428571429,-25.7278571428571,6.70342857142857,2.01,1.92461,0.687219,4.81053,7,14.9822056,-0.108883642857143,-0.531654571428571,-0.138801714285714,2.06239619,1.42857142857143,0.422842714285714,0.422843,211.6749,87.90809,30.5199,183.551,-183.458,35.5641,192.064,-102.862,35.8507,182.943,-803.855,1.22638328571429,2,0.143306
A,164,.,.,.,PRO,.,163,163,14,14,-5.37714285714286,-22.8882857142857,9.07371428571428,1.92,1.84162,0.491625,3.44137,7,0,0,0,0,0,2.42857142857143,0.704803,0.704803,128.83621,88.45386,29.8355,177.298,-192.112,35.5641,192.064,-102.862,35.8507,182.943,-803.855,2,2,0.264096
A,165,.,.,.,LYS,.,164,164,11,11,-8.83466666666667,-26.3714444444444,10.1705555555556,1.92,1.70189,0.170134,1.53121,9,119.98625,0.0609481444444444,-0.248602,0.0380142222222222,-95.565298,1.77777777777778,0.524499444444444,0.524499,459.848,122.68193,31.8015,188.992,-451.865,35.5641,192.064,-102.862,35.8507,182.943,-803.855,1.25996696666667,1.24257905555556,0.22551
A,166,.,.,.,CYS,.,165,165,4,4,-12.195,-23.0821666666667,12.8601666666667,1.91,2.00989,1.38398,8.30386,6,0,0,0,0,0,2.16666666666667,0.4538105,0.453811,108.8814,79.80973,32.1038,181.641,-565.551,35.5641,192.064,-102.862,35.8507,182.943,-803.855,2,2,0.182136
A,167,.,.,.,GLU,.,166,166,6,6,-10.9233333333333,-24.1442222222222,17.3603333333333,1.91,1.80406,0.175107,1.57596,9,134.2071335,0.121588833333333,-0.510866222222222,0.426506,-56.4982465,1.33333333333333,0.682878555555556,0.682879,454.5854,103.40362,34.5759,185.479,-637.927,35.5641,192.064,-102.862,35.8507,182.943,-803.855,0.459714937777778,0.458340022222222,0.188902
A,168,.,.,.,ASP,.,167,167,3,3,-15.832875,-23.169375,16.6395,1.91,1.71635,0.28986,2.31888,8,132.40282,-0.494246875,-0.03826925,0.408038,-25.738398,1.25,0.8729895,0.872989,395.9465,87.65627,35.8507,182.943,-803.855,35.5641,192.064,-102.862,35.8507,182.943,-803.855,0.5125111125,0.5118168125,0.238278
A,169,.,.,.,CYS,.,168,168,4,4,-16.7905,-24.263,12.2108333333333,1.91,2.00989,1.38398,8.30386,6,64.54801,-0.5542695,-0.276339,-0.123875933333333,61.72582,1.33333333333333,0.492469833333333,0.49247,254.4362,78.70402,35.5811,189.622,-883.338,35.5641,192.064,-102.862,35.8507,182.943,-803.855,0.6814742,0.680530616666667,0.156068
A,170,.,.,.,GLN,.,169,169,5,5,-13.6302222222222,-27.4708888888889,11.338,1.91,1.77783,0.304099,2.73689,9,146.488366687,-0.195565444444444,-0.532073888888889,-0.108476311111111,-42.424887215,1.22222222222222,0.523046333333333,0.523046,459.0573,105.71471,34.9808,199.265,-792.6,35.5641,192.064,-102.862,35.8507,182.943,-803.855,0.586552455555556,0.585558044444444,0.167275
A,171,.,.,.,SER,.,170,170,15,15,-13.5615,-23.2648333333333,8.48883333333333,1.91,1.73647,0.568003,3.40802,6,24.30907,-0.162913333333333,-0.164385,-0.236302833333333,0.61121,1.66666666666667,0.811846166666667,0.811846,156.9351,68.13658,32.7393,187.995,-645.84,35.5641,192.064,-102.862,35.8507,182.943,-803.855,1.51988683333333,1.5180925,0.138965
A,172,.,.,.,LEU,.,171,171,10,10,-10.394625,-22.52275,5.81125,2.01,2.13035,1.31155,10.4924,8,10.98355,-0.125650125,-0.195321375,-0.072755125,10.43992,1.75,0.329254375,0.329254,230.4881,114.0973,30.1901,177.579,-369.119,35.5641,192.064,-102.862,35.8507,182.943,-803.855,1.67020775,2,0.184738
A,173,.,.,.,VAL,.,172,172,19,19,-8.61314285714286,-19.5435714285714,9.12642857142857,2.01,2.38596,1.30011,9.1008,7,0,0,0,0,0,3,0.586403714285714,0.586404,128.7631,96.56704,28.1257,158.437,-186.856,35.5641,192.064,-102.862,35.8507,182.943,-803.855,2,2,0.298554
A,174,.,.,.,LYS,.,173,173,11,11,-8.41055555555556,-15.9801111111111,5.10655555555556,1.92,1.70189,0.170134,1.53121,9,0,0,0,0,0,2.55555555555556,0.693998222222222,0.693998,187.04145,119.99577,25.788,134.272,39.6349,35.5641,192.064,-102.862,35.8507,182.943,-803.855,2,2,0.156198
A,175,.,.,.,PRO,.,174,174,14,14,-5.22957142857143,-14.1854285714286,6.50342857142857,1.92,1.84162,0.491625,3.44137,7,0,0,0,0,0,3.28571428571429,0.911415285714286,0.911415,147.37738,88.0742,23.803,107.531,144.053,35.5641,192.064,-102.862,35.8507,182.943,-803.855,2,2,0.242049
A,176,.,.,.,ASP,.,175,175,3,3,-7.7355,-9.346125,6.6475,1.91,1.71635,0.28986,2.31888,8,7.432425,-0.192775375,0.008537125,0.089898125,-3.769297,2.125,0.57716025,0.57716,212.0482,86.77492,23.0341,87.5804,75.1215,35.5641,192.064,-102.862,35.8507,182.943,-803.855,1.729182875,2,0.187282
A,177,.,.,.,ILE,.,176,176,9,9,-5.07125,-10.34125,2.959,2.01,2.51899,1.41804,11.3444,8,0,0,0,0,0,2.75,0.5050965,0.505096,170.8723,111.8756,22.1339,76.9376,95.6723,35.5641,192.064,-102.862,35.8507,182.943,-803.855,2,2,0.321657
A,178,.,.,.,VAL,.,177,177,19,19,-8.358,-8.236,0.292428571428571,2.01,2.38596,1.30011,9.1008,7,6.45175,0.0061064,0.0700334285714286,-0.124363142857143,4.07462,2.14285714285714,0.423527857142857,0.423528,214.605,97.51092,22.8599,73.8433,18.5333,35.5641,192.064,-102.862,35.8507,182.943,-803.855,1.83521128571429,2,0.219267
A,179,.,.,.,PHE,.,178,178,13,13,-7.89790909090909,-12.8691818181818,-1.06236363636364,1.91,2.05442,1.19411,13.1352,11,0,0,0,0,0,2.54545454545455,0.331949772727273,0.33195,188.13775,132.21512,24.2737,88.8576,17.1915,32.3963,206.097,327.491,34.9808,199.265,-792.6,2,2,0.115676
A,180,.,.,.,PHE,.,179,179,13,13,-8.62045454545455,-10.7510909090909,-6.58181818181818,1.91,2.05442,1.19411,13.1352,11,111.83265161,-0.0162996818181818,0.284688454545455,-0.2177527,87.25575645,1.54545454545455,0.175379654545455,0.17538,462.38406,135.00979,25.7549,87.5933,-38.7783,32.3963,206.097,327.491,34.9808,199.265,-792.6,1.22765290909091,1.22492327272727,0.287046
A,181,.,.,.,GLY,.,180,180,7,7,-13.947,-11.6985,-4.17225,1.9,1.11007,0.529328,2.11731,4,85.26405,-0.6585935,0.335844025,-0.4737647,15.619989,1,0.19925125,0.199251,238.8289,47.18522,27.5891,98.3372,-103.968,32.3963,206.097,327.491,34.9808,199.265,-792.6,0.112865725,0.111827075,0.258979
A,182,.,.,.,GLU,.,181,181,6,6,-12.7753333333333,-10.9646666666667,-0.598777777777778,1.91,1.80406,0.175107,1.57596,9,40.7216,-0.372963911111111,0.120825566666667,0.288965777777778,-1.311897,1.33333333333333,0.308852333333333,0.308852,280.6279,102.15193,26.2633,90.9354,-92.3305,32.3963,206.097,327.491,34.9808,199.265,-792.6,1.23039011111111,1.84104,0.143859
A,183,.,.,.,SER,.,182,182,15,15,-14.8335,-6.63316666666667,0.0885,1.91,1.73647,0.568003,3.40802,6,126.76701,-0.352233833333333,-0.0732856666666667,0.046264,-20.33317,1.16666666666667,0.142610416666667,0.14261,349.6587,70.46534,25.6142,73.9759,-115.688,35.5641,192.064,-102.862,35.8507,182.943,-803.855,0.748848,1.11297545,0.248612
A,184,.,.,.,LEU,.,183,183,10,10,-12.75675,-3.13425,1.372125,2.01,2.13035,1.31155,10.4924,8,44.87854,-0.2885001625,-0.01510525,-0.355966875,38.645734,1.375,0.1578754125,0.157875,349.428,113.82143,24.0324,62.742,-143.104,35.5641,192.064,-102.862,35.8507,182.943,-803.855,1.19508175,1.313439125,0.281
A,185,.,.,.,PRO,.,184,184,14,14,-12.9038571428571,-4.09442857142857,5.55414285714286,1.92,1.84162,0.491625,3.44137,7,41.29803157,-0.221086857142857,-0.390363428571429,0.238339285714286,11.7882376,1.42857142857143,0.341126,0.341126,258.54657,87.75899,24.4032,66.8187,-155.995,35.5641,192.064,-102.862,35.8507,182.943,-803.855,1.30745942857143,1.59032042857143,0.21032
A,186,.,.,.,ALA,.,185,185,0,0,-15.4854,-0.9952,6.1762,1.92,1.97378,0.96356,4.8178,5,93.8286725,-0.5107486,0.0478936,-0.1569926,10.6517691,1.4,0.27838086,0.278381,282.6999,63.49645,25.6087,62.7531,-244.412,35.5641,192.064,-102.862,35.8507,182.943,-803.855,1.0770088,1.325688,0.317282
A,187,.,.,.,ARG,.,186,186,1,1,-11.1577272727273,-0.251363636363636,9.404,1.92,1.84464,0.247832,2.72615,11,76.18959121,-0.295216454545455,-0.114686545454545,0.400179545454545,-6.9562323,1.45454545454545,0.336993727272727,0.336994,454.98403,137.85041,24.6593,58.009,-235.017,35.5641,192.064,-102.862,35.8507,182.943,-803.855,1.14344318181818,1.12989436363636,0.440239
A,188,.,.,.,PHE,.,187,187,13,13,-10.3005454545455,0.790636363636364,5.20190909090909,1.91,2.05442,1.19411,13.1352,11,0,0,0,0,0,2,0.311492363636364,0.311492,204.16351,132.1206,23.2364,53.9667,-239.9,35.5641,192.064,-102.862,35.8507,182.943,-803.855,2,2,0.569331
A,189,.,.,.,PHE,.,188,188,13,13,-15.5570909090909,4.93590909090909,2.19509090909091,1.91,2.05442,1.19411,13.1352,11,159.827549,-0.3533797,-0.244499872727273,-0.241982363636364,123.49437,1.36363636363636,0.176073327272727,0.176073,512.07808,134.87176,24.5682,58.06,-276.59,33.8725,161.942,-595.457,31.5209,165.459,225.653,0.907144718181818,0.892908963636364,0.376573
A,190,.,.,.,SER,.,189,189,15,15,-15.0345,5.90716666666667,6.56883333333333,1.91,1.73647,0.568003,3.40802,6,83.18375,-0.506603333333333,0.198723233333333,0.27916465,-10.14709,1.33333333333333,0.255741333333333,0.255741,283.1252,69.90175,25.8166,61.7358,-311.686,33.8725,161.942,-595.457,31.5209,165.459,225.653,0.744280333333333,0.7441575,0.350618
A,191,.,.,.,CYS,.,190,190,4,4,-11.4361666666667,7.6085,7.11966666666667,1.91,2.00989,1.38398,8.30386,6,24.75,-0.0971333333333333,0.01493685,0.134609666666667,25.9326,1.83333333333333,0.2425496,0.24255,207.6354,81.15673,24.361,63.8751,-246.401,33.8725,161.942,-595.457,31.5209,165.459,225.653,1.72833716666667,1.7273375,0.269506
A,192,.,.,.,MET,.,191,191,12,12,-10.74025,6.501375,2.704875,1.94,1.97827,0.890458,7.12366,8,1.11426,-0.0448155,-0.005491875,-0.11656075,0.604485,2.125,0.44219525,0.442195,204.2221,113.58579,23.5196,64.1734,-213.876,33.8725,161.942,-595.457,31.5209,165.459,225.653,1.859198125,2,0.596398
A,193,.,.,.,GLN,.,192,192,5,5,-14.4157777777778,9.878,2.06366666666667,1.91,1.77783,0.304099,2.73689,9,50.946557,-0.399491844444444,0.117358888888889,-0.1181101,-13.5005218,1.44444444444444,0.319556666666667,0.319557,299.0295,105.44043,25.768,73.9965,-261.442,33.8725,161.942,-595.457,31.5209,165.459,225.653,1.01085466666667,1.16522063333333,0.581807
A,194,.,.,.,SER,.,193,193,15,15,-12.2616666666667,12.2891666666667,6.36816666666667,1.91,1.73647,0.568003,3.40802,6,42.5729,-0.189365166666667,0.0127522666666667,0.241601333333333,-9.78249,1.66666666666667,0.261965833333333,0.261966,221.2978,70.34185,26.1176,81.4521,-214.236,33.8725,161.942,-595.457,31.5209,165.459,225.653,1.40221016666667,1.40140366666667,0.251252
A,195,.,.,.,ASP,.,194,194,3,3,-8.502125,11.339125,6.561,1.91,1.71635,0.28986,2.31888,8,0.212267,-0.061517375,0.042977125,0.099967875,-0.10765,2.375,0.5707625,0.570762,153.2297,86.84592,24.1483,81.8919,-87.4212,33.8725,161.942,-595.457,31.5209,165.459,225.653,1.85864125,2,0.237122
A,196,.,.,.,PHE,.,195,195,13,13,-7.328,12.7712727272727,1.98009090909091,1.91,2.05442,1.19411,13.1352,11,0,0,0,0,0,2.63636363636364,0.488097909090909,0.488098,216.76515,134.80175,24.359,95.2368,-7.5096,33.8725,161.942,-595.457,31.5209,165.459,225.653,2,2,0.4341
A,197,.,.,.,LEU,.,196,196,10,10,-11.3345,16.91775,4.097125,2.01,2.13035,1.31155,10.4924,8,133.46089,-0.29144975,0.34181625,0.023878875,86.91852,1.625,0.0830819125,0.0830819,455.0769,114.13021,26.8069,106.892,-65.7487,33.8725,161.942,-595.457,31.5209,165.459,225.653,1.0579795125,1.057585375,0.224981
A,198,.,.,.,LYS,.,197,197,11,11,-9.29977777777778,17.4262222222222,8.74533333333333,1.92,1.70189,0.170134,1.53121,9,141.688978,-0.178176022222222,0.170849222222222,0.122224344444444,-100.2252828,1.44444444444444,0.208757688888889,0.208758,494.0333,122.45834,26.6781,111.609,35.1825,33.8725,161.942,-595.457,31.5209,165.459,225.653,1.00205981111111,1.00196751111111,0.144953
A,199,.,.,.,VAL,.,198,198,19,19,-4.42514285714286,16.9728571428571,5.15842857142857,2.01,2.38596,1.30011,9.1008,7,0,0,0,0,0,2.57142857142857,0.388698285714286,0.388698,142.5661,96.25526,24.7802,114.313,188.815,33.8725,161.942,-595.457,31.5209,165.459,225.653,2,2,0.191739
A,200,.,.,.,ASP,.,199,199,3,3,-1.93625,19.860125,7.100875,1.91,1.71635,0.28986,2.31888,8,22.7407174,-0.155203125,0.1834445,0.049385475,-11.5327766,2.125,0.700049,0.700049,196.7045,87.09807,25.6171,135.494,334.078,33.8725,161.942,-595.457,31.5209,165.459,225.653,1.636114625,1.629201625,0.212493
A,201,.,.,.,LEU,.,200,200,10,10,1.859875,17.1155,4.74525,2.01,2.13035,1.31155,10.4924,8,0,0,0,0,0,3.375,0.89804225,0.898042,156.8815,113.30182,23.8937,128.485,466.315,33.8725,161.942,-595.457,31.5209,165.459,225.653,2,2,0.142123
A,202,.,.,.,LEU,.,201,201,10,10,0.380625,14.410625,1.682625,2.01,2.13035,1.31155,10.4924,8,0,0,0,0,0,4.125,0.911973125,0.911973,165.8773,113.45439,22.2172,106.931,434.84,34.9808,199.265,-792.6,35.5641,192.064,-102.862,2,2,0.184382
A,203,.,.,.,LEU,.,202,202,10,10,4.51025,12.333125,3.672625,2.01,2.13035,1.31155,10.4924,8,0,0,0,0,0,4,0.99423675,0.994237,174.1917,113.65482,21.3862,97.1553,449.089,35.5811,189.622,-883.338,35.5641,192.064,-102.862,2,2,0.130288
A,204,.,.,.,VAL,.,203,203,19,19,4.44014285714286,10.0687142857143,-0.975285714285714,2.01,2.38596,1.30011,9.1008,7,0,0,0,0,0,3.57142857142857,0.890318142857143,0.890318,139.41914,96.28291,20.8185,82.0453,316.988,35.8507,182.943,-803.855,35.5641,192.064,-102.862,2,2,0.276684
A,205,.,.,.,MET,.,204,204,12,12,7.094125,7.36225,1.5865,1.94,1.97827,0.890458,7.12366,8,0,0,0,0,0,3.25,0.872339625,0.87234,180.9909,114.9653,20.524,71.805,209.054,35.8507,182.943,-803.855,35.5641,192.064,-102.862,2,2,0.190664
A,206,.,.,.,GLY,.,205,205,7,7,7.377,4.253,-2.2855,1.9,1.11007,0.529328,2.11731,4,2.30584,0.03764125,-0.09392325,-0.22860775,0.338234,2,0.65923275,0.659233,79.1255,46.76136,20.7242,60.1247,52.3836,35.8507,182.943,-803.855,35.5641,192.064,-102.862,1.71383575,2,0.166152
A,207,.,.,.,THR,.,206,206,16,16,4.45971428571429,5.29442857142857,-3.89328571428571,2.01,1.92461,0.687219,4.81053,7,4.3980481,0.0945262857142857,-0.331955857142857,-0.245561285714286,3.445926061,1.71428571428571,0.619423285714286,0.619423,156.6722,87.94712,20.8086,57.8549,51.861,35.8507,182.943,-803.855,35.5641,192.064,-102.862,1.49322514285714,2,0.394976
A,208,.,.,.,SER,.,207,207,15,15,2.738,7.4165,-6.752,1.91,1.73647,0.568003,3.40802,6,0.464577,0.0897933333333333,-0.1348135,-0.0392458333333333,-0.120607,2,0.594627333333333,0.594627,124.04504,68.95058,21.856,71.7487,110.178,35.8507,182.943,-803.855,35.5641,192.064,-102.862,1.8059585,2,0.595397
A,209,.,.,.,LEU,.,208,208,10,10,0.22025,10.7165,-5.749875,2.01,2.13035,1.31155,10.4924,8,0,0,0,0,0,3,0.653336625,0.653337,179.9797,112.70812,22.2948,82.5239,137.136,35.8507,182.943,-803.855,35.5641,192.064,-102.862,2,2,0.620546
A,210,.,.,.,GLN,.,209,209,5,5,0.422444444444444,8.49255555555555,-10.6465555555556,1.91,1.77783,0.304099,2.73689,9,7.78572,0.0144086333333333,-0.187718222222222,-0.237778666666667,-1.79511,1.66666666666667,0.385089555555556,0.38509,272.4591,105.4142,23.4564,78.7213,-13.1095,35.8507,182.943,-803.855,35.5641,192.064,-102.862,1.455567,2,0.804786
A,211,.,.,.,VAL,.,210,210,19,19,-0.956428571428572,4.32528571428571,-7.52757142857143,2.01,2.38596,1.30011,9.1008,7,73.52437,0.0903155571428571,-0.284152571428571,-0.276161714285714,51.32846,1.71428571428571,0.256182485714286,0.256183,293.10736,96.60975,22.3468,58.8331,-48.2883,35.8507,182.943,-803.855,35.5641,192.064,-102.862,1.48336485714286,1.493904,0.419095
A,212,.,.,.,GLN,.,211,211,5,5,-5.18344444444444,3.60622222222222,-8.09466666666667,1.91,1.77783,0.304099,2.73689,9,69.425305,-0.190726533333333,-0.374684077777778,-0.398992333333333,-8.024724,1.44444444444444,0.464239333333333,0.464239,350.8234,104.10808,22.5619,53.5417,-95.1389,30.82,101.567,-236.107,35.5641,192.064,-102.862,1.123483,1.13358655555556,0.388357
A,213,.,.,.,PRO,.,212,212,14,14,-6.53528571428571,2.52542857142857,-4.67357142857143,1.92,1.84162,0.491625,3.44137,7,41.49269152,-0.346120428571429,-0.312532,-0.137775571428571,-11.47072131,1.42857142857143,0.686942857142857,0.686943,267.02243,88.55212,22.3876,51.1366,-112.649,30.82,101.567,-236.107,35.5641,192.064,-102.862,1.27488571428571,1.61140857142857,0.399784
A,214,.,.,.,PHE,.,213,213,13,13,-3.25118181818182,5.99409090909091,-3.59672727272727,1.91,2.05442,1.19411,13.1352,11,0,0,0,0,0,2.36363636363636,0.676355545454545,0.676356,188.53001,132.35536,21.6389,57.2596,-78.2121,35.8507,182.943,-803.855,35.5641,192.064,-102.862,2,2,0.526233
A,215,.,.,.,ALA,.,214,214,0,0,-5.2638,8.219,-6.4288,1.92,1.97378,0.96356,4.8178,5,0,0,0,0,0,2.2,0.6472722,0.647272,92.8243,63.05602,22.8354,72.0395,-59.1528,35.8507,182.943,-803.855,35.5641,192.064,-102.862,2,2,0.350171
A,216,.,.,.,SER,.,215,215,15,15,-8.89516666666667,8.299,-5.975,1.91,1.73647,0.568003,3.40802,6,52.330071,-0.516952333333333,-0.0215632666666667,-0.330197666666667,-9.768856,1.33333333333333,0.498642833333333,0.498643,242.1777,70.32781,24.2265,74.0629,-147.498,30.82,101.567,-236.107,35.5641,192.064,-102.862,1.06392483333333,1.28975983333333,0.313526
A,217,.,.,.,LEU,.,216,216,10,10,-8.734875,9.375375,-1.807625,2.01,2.13035,1.31155,10.4924,8,0.8556328,-0.11199975,-0.192764125,-0.112122125,0.4840072,1.75,0.466308,0.466308,185.7998,113.11927,23.6272,77.0616,-105.563,31.9474,169.038,-30.8085,35.5641,192.064,-102.862,1.715940875,2,0.488922
A,218,.,.,.,ILE,.,217,217,9,9,-4.898,12.301,-3.499625,2.01,2.51899,1.41804,11.3444,8,0,0,0,0,0,2.75,0.631102375,0.631102,171.94332,111.69171,23.4365,91.7954,41.1746,31.9474,169.038,-30.8085,35.5641,192.064,-102.862,2,2,0.400371
A,219,.,.,.,SER,.,218,218,15,15,-8.411,14.4891666666667,-5.45466666666667,1.91,1.73647,0.568003,3.40802,6,32.108031,-0.4281365,0.1677104,-0.143103166666667,2.5570434,1.5,0.32040855,0.320409,221.6127,70.27734,25.7032,107.202,-71.601,31.9474,169.038,-30.8085,35.5641,192.064,-102.862,1.25585733333333,1.25282033333333,0.479013
A,220,.,.,.,LYS,.,219,219,11,11,-10.8747777777778,13.8458888888889,-2.12666666666667,1.92,1.70189,0.170134,1.53121,9,75.905875,-0.474997444444444,0.298862888888889,-0.241384077777778,-38.093889,1.33333333333333,0.245959111111111,0.245959,378.8733,121.86982,26.1214,104.712,-94.6127,31.9474,169.038,-30.8085,35.5641,192.064,-102.862,0.831881555555556,0.830638222222222,0.470022
A,221,.,.,.,ALA,.,220,220,0,0,-6.9512,17.2714,-1.0174,1.92,1.97378,0.96356,4.8178,5,0.0666336,-0.1708528,0.0788024,-0.0678196,0.03365,2,0.27676118,0.276761,111.2169,63.4907,25.5532,116.848,68.7579,33.8725,161.942,-595.457,31.5209,165.459,225.653,1.7037656,1.6987302,0.284537
A,222,.,.,.,PRO,.,221,221,14,14,-6.70571428571429,20.4684285714286,-0.00457142857142858,1.92,1.84162,0.491625,3.44137,7,52.22382,-0.306407142857143,0.251747142857143,0.00639168571428572,-11.9216,1.57142857142857,0.238948828571429,0.238949,261.46736,88.76068,27.8035,139.208,79.2291,33.8725,161.942,-595.457,31.5209,165.459,225.653,1.24161614285714,1.23976042857143,0.176471
A,223,.,.,.,LEU,.,222,222,10,10,-5.455,22.558125,-4.41225,2.01,2.13035,1.31155,10.4924,8,117.952707,-0.474660375,0.200979625,0.020460625,89.4800293,1.375,0.02372154375,0.0237215,425.0217,113.48266,28.5836,154.418,100.114,31.9474,169.038,-30.8085,35.5641,192.064,-102.862,0.9477825875,0.9298340625,0.625669
A,224,.,.,.,SER,.,223,223,15,15,-3.01983333333333,23.8613333333333,-0.164666666666667,1.91,1.73647,0.568003,3.40802,6,23.91182,-0.253335666666667,0.156710333333333,0.0874155833333333,-4.13613,1.66666666666667,0.1643315,0.164331,183.2122,69.92841,28.8514,167.176,211.171,34.9808,199.265,-792.6,35.5641,192.064,-102.862,1.52067666666667,1.52010483333333,0.168164
A,225,.,.,.,THR,.,224,224,16,16,-1.93085714285714,20.059,0.657714285714286,2.01,1.92461,0.687219,4.81053,7,0,0,0,0,0,2.57142857142857,0.536696428571429,0.536696,131.11695,87.69818,26.244,149.581,346.683,34.9808,199.265,-792.6,35.5641,192.064,-102.862,2,2,0.141756
A,226,.,.,.,PRO,.,225,225,14,14,1.71414285714286,20.359,1.10157142857143,1.92,1.84162,0.491625,3.44137,7,0,0,0,0,0,3,0.844408571428571,0.844409,120.96704,87.89894,25.6727,154.738,488.104,34.9808,199.265,-792.6,35.5641,192.064,-102.862,2,2,0.0759805
A,227,.,.,.,ARG,.,226,226,1,1,1.35827272727273,16.7114545454545,-2.94127272727273,1.92,1.84464,0.247832,2.72615,11,0,0,0,0,0,3.09090909090909,0.919017636363636,0.919018,211.89197,134.91553,23.7809,131.734,519.894,35.8507,182.943,-803.855,35.5641,192.064,-102.862,2,2,0.409446
A,228,.,.,.,LEU,.,227,227,10,10,7.31975,15.1175,0.129125,2.01,2.13035,1.31155,10.4924,8,0,0,0,0,0,3.5,0.930264375,0.930264,167.9903,113.47996,23.3228,125.767,558.661,35.8507,182.943,-803.855,35.5641,192.064,-102.862,2,2,0.123165
A,229,.,.,.,LEU,.,228,228,10,10,7.800125,11.996625,-3.69275,2.01,2.13035,1.31155,10.4924,8,0,0,0,0,0,3,0.626404375,0.626404,181.7226,113.12589,22.6596,106.449,426.941,35.8507,182.943,-803.855,35.5641,192.064,-102.862,2,2,0.391804
A,230,.,.,.,ILE,.,229,229,9,9,10.366625,10.19,-0.361125,2.01,2.51899,1.41804,11.3444,8,0,0,0,0,0,3,0.70567825,0.705678,179.54604,113.7571,22.468,96.8921,338.598,35.8507,182.943,-803.855,35.5641,192.064,-102.862,2,2,0.095346
A,231,.,.,.,ASN,.,230,230,2,2,10.6875,7.195,-4.627125,1.91,1.56635,0.356168,2.84934,8,9.3052,-0.0331261125,-0.207057,-0.135658,-4.04056,2.25,0.449863375,0.449863,187.148,91.1406,22.694,82.513,166.236,35.8507,182.943,-803.855,35.5641,192.064,-102.862,1.71848,2,0.163275
A,232,.,.,.,LYS,.,231,231,11,11,14.5127777777778,4.73211111111111,-6.04877777777778,1.92,1.70189,0.170134,1.53121,9,114.66991,0.508414,-0.0612215333333333,-0.335644777777778,-61.18943,1.33333333333333,0.296463566666667,0.296464,486.8275,122.47449,24.4612,80.5633,81.1132,35.8507,182.943,-803.855,35.5641,192.064,-102.862,0.68217168,0.6813752,0.131179
A,233,.,.,.,GLU,.,232,232,6,6,11.4515555555556,6.47411111111111,-10.1652222222222,1.91,1.80406,0.175107,1.57596,9,128.0541138,0.157066111111111,-0.244075666666667,-0.129507555555556,-78.4093651,1.55555555555556,0.198803933333333,0.198804,455.84617,103.1384,25.2681,86.3812,104.671,35.8507,182.943,-803.855,35.5641,192.064,-102.862,1.02210751222222,0.993180962222222,0.335543
A,234,.,.,.,LYS,.,233,233,11,11,9.38888888888889,11.6358888888889,-10.135,1.92,1.70189,0.170134,1.53121,9,41.940998,0.228960222222222,0.196837733333333,-0.363470044444444,-15.245919,1.44444444444444,0.160630588888889,0.160631,328.4751,120.56777,25.081,95.0232,142.32,35.8507,182.943,-803.855,35.5641,192.064,-102.862,1.23484833333333,1.18848288888889,0.309843
A,235,.,.,.,ALA,.,234,234,0,0,6.2424,8.5038,-12.434,1.92,1.97378,0.96356,4.8178,5,23.900096,0.02079206,-0.1961948,-0.1477696,5.921639,1.4,0.18483112,0.184831,200.5434,64.16823,25.2387,84.1594,16.5997,35.8507,182.943,-803.855,35.5641,192.064,-102.862,1.2719772,2,0.561739
A,236,.,.,.,GLY,.,235,235,7,7,5.88625,8.05025,-15.9885,1.9,1.11007,0.529328,2.11731,4,58.56571,0.461194,-0.35348125,-0.2256525,3.393555,1.25,0.158357875,0.158358,210.7036,47.0567,27.7415,92.4555,-89.2613,35.8507,182.943,-803.855,35.5641,192.064,-102.862,0.79594405,0.73814385,0.605322
A,237,.,.,.,GLN,.,236,236,5,5,2.62633333333333,9.925,-19.2932222222222,1.91,1.77783,0.304099,2.73689,9,158.77019319,0.2728225,0.4140676,-0.191833977777778,-27.7288343,1.22222222222222,0.192472666666667,0.192473,498.36677,106.17495,28.8294,96.4427,-236.846,35.8507,182.943,-803.855,35.5641,192.064,-102.862,0.619043411111111,0.588222366666667,0.672981
A,238,.,.,.,SER,.,237,237,15,15,1.9225,5.58933333333333,-19.4643333333333,1.91,1.73647,0.568003,3.40802,6,142.49753,0.224607333333333,-0.432871833333333,-0.219252266666667,-6.18502,1.33333333333333,0.0726949,0.0726949,376.3848,70.42901,29.4076,83.812,-289.43,35.8507,182.943,-803.855,35.5641,192.064,-102.862,0.821319833333333,0.820074833333333,0.344946
A,239,.,.,.,ASP,.,238,238,3,3,-2.74325,6.193125,-19.6875,1.91,1.71635,0.28986,2.31888,8,56.688576,-0.047542025,-0.464474625,-0.357217125,-24.0818667,1.375,0.16140315,0.161403,259.6444,86.625,29.977,86.9279,-385.379,35.8507,182.943,-803.855,35.5641,192.064,-102.862,0.887697125,0.887642125,0.625024
A,240,.,.,.,PRO,.,239,239,14,14,-2.82214285714286,9.43628571428571,-21.6604285714286,1.92,1.84162,0.491625,3.44137,7,100.1505,0.0498553571428571,-0.00594642857142857,-0.34754,-32.64899,1.57142857142857,0.220584328571429,0.220584,327.11623,88.10545,31.5861,102.99,-514.506,35.8507,182.943,-803.855,35.5641,192.064,-102.862,1.17411438571429,1.17402177142857,0.682981
A,241,.,.,.,PHE,.,240,240,13,13,-8.22918181818182,8.39963636363636,-20.2469090909091,1.91,2.05442,1.19411,13.1352,11,175.734117,-0.229352981818182,-0.286016090909091,-0.316109390909091,135.14586,1.36363636363636,0.0640101283180273,0.0640101,530.86418,135.30642,31.7,98.3315,-529.048,30.82,101.567,-236.107,35.5641,192.064,-102.862,0.833691181818182,0.833656909090909,0.518969
A,242,.,.,.,LEU,.,241,241,10,10,-5.40325,7.362125,-16.46675,2.01,2.13035,1.31155,10.4924,8,75.4624,-0.053307875,-0.210004125,0.045981125,47.1456,1.75,0.118795075,0.118795,375.2111,114.32813,28.7762,91.2385,-391.306,30.82,101.567,-236.107,35.5641,192.064,-102.862,1.673504625,1.674603,0.99101
A,243,.,.,.,GLY,.,242,242,7,7,-3.8515,11.796,-16.72375,1.9,1.11007,0.529328,2.11731,4,9.138475,0.541472,0.453405,-0.10260075,1.5297923,1.5,0.2971405,0.29714,123.2688,46.78015,29.0133,107.006,-404.566,35.8507,182.943,-803.855,35.5641,192.064,-102.862,1.0871125,1.390271,0.954316
A,244,.,.,.,MET,.,243,243,12,12,-6.648375,13.53125,-18.91675,1.94,1.97827,0.890458,7.12366,8,129.05644,0.08400575,0.277654525,-0.239327,63.78932,1.5,0.11402205,0.114022,442.7211,115.20798,30.9991,117.439,-526.15,35.8507,182.943,-803.855,35.5641,192.064,-102.862,1.17311886325,1.17511795475,0.432014
A,245,.,.,.,ILE,.,244,244,9,9,-8.407,11.384375,-14.696125,2.01,2.51899,1.41804,11.3444,8,64.66459,-0.33935925,-0.033780075,0.096155775,53.03824,1.625,0.0875559125,0.0875559,360.7608,113.95142,29.345,106.279,-429.197,30.82,101.567,-236.107,35.5641,192.064,-102.862,1.455112625,1.45469975,0.844451
A,246,.,.,.,MET,.,245,245,12,12,-4.645875,12.627875,-11.96925,1.94,1.97827,0.890458,7.12366,8,0,0,0,0,0,2,0.1589598,0.15896,240.5936,115.33353,27.3882,110.681,-269.763,35.8507,182.943,-803.855,35.5641,192.064,-102.862,2,2,0.664232
A,247,.,.,.,GLY,.,246,246,7,7,-5.558,16.796,-13.7575,1.9,1.11007,0.529328,2.11731,4,50.431299,0.19681375,0.54283975,-0.416531,3.31725,1.25,0.174967075,0.174967,179.7796,46.99675,29.6168,131.015,-348.261,35.8507,182.943,-803.855,35.5641,192.064,-102.862,1.03689925,1.045248,0.535159
A,248,.,.,.,LEU,.,247,247,10,10,-9.385625,16.99325,-14.403875,2.01,2.13035,1.31155,10.4924,8,210.302331,-0.3544666625,0.274095,-0.0011127125,136.876391,1.375,0.03996216375,0.0399622,568.8686,114.09829,30.8251,128.467,-417.28,31.9474,169.038,-30.8085,35.5641,192.064,-102.862,0.866902275,0.8675091125,0.448191
A,249,.,.,.,GLY,.,248,248,7,7,-8.0735,16.546,-9.74025,1.9,1.11007,0.529328,2.11731,4,14.884268,-0.6048475,0.2973435,0.1380575,0.117552,1.25,0.0899487,0.0899486,130.7064,46.98561,28.4701,120.152,-262.309,31.9474,169.038,-30.8085,35.5641,192.064,-102.862,0.86454375,0.85608625,0.640861
A,250,.,.,.,GLY,.,249,249,7,7,-5.22,18.56575,-9.7225,1.9,1.11007,0.529328,2.11731,4,15.70453,-0.060929975,0.40774175,-0.2676985,1.9228159,1.5,0.1665768,0.166577,142.6531,46.9243,28.4373,137.241,-127.782,35.8507,182.943,-803.855,35.5641,192.064,-102.862,1.37011675,1.68029675,0.500009
A,251,.,.,.,GLY,.,250,250,7,7,-2.5875,17.21525,-10.01875,1.9,1.11007,0.529328,2.11731,4,1.83346,0.06566125,0.1739555,-0.167117,-0.0537127,1.75,0.35268975,0.35269,103.1104,46.54541,27.6871,133.921,-91.9489,35.8507,182.943,-803.855,35.5641,192.064,-102.862,1.68742775,2,0.426799
A,252,.,.,.,MET,.,251,251,12,12,1.1575,15.589,-10.39,1.94,1.97827,0.890458,7.12366,8,36.22473,0.0441938375,-0.01862765,-0.24385025,24.88771,1.75,0.25644875,0.256449,299.976,115.00156,26.7032,135.779,114.69,35.8507,182.943,-803.855,35.5641,192.064,-102.862,1.696509,1.844996125,0.626535
A,253,.,.,.,ASP,.,252,252,3,3,3.74425,20.510875,-11.047,1.91,1.71635,0.28986,2.31888,8,23.038702,-0.192072375,-0.190754,-0.457948875,-8.838409,1.375,0.21961345,0.219613,228.61586,87.26928,28.4584,154.021,111.875,35.8507,182.943,-803.855,35.5641,192.064,-102.862,1.20299625,1.23265325,0.31856
A,254,.,.,.,PHE,.,253,253,13,13,6.82936363636364,17.5320909090909,-8.51436363636364,1.91,2.05442,1.19411,13.1352,11,14.757078,0.0823566181818182,-0.083472,-0.227530727272727,14.349208,1.72727272727273,0.172112590909091,0.172113,282.63627,134.73251,28.1095,154.643,251.339,35.8507,182.943,-803.855,35.5641,192.064,-102.862,1.55392390909091,1.88226109090909,0.533195
A,255,.,.,.,ASP,.,254,254,3,3,9.653375,20.6615,-13.211625,1.91,1.71635,0.28986,2.31888,8,182.506317,0.3190461875,-0.112245875,-0.189514875,-64.51074,1.125,0.04327000875,0.04327,461.35736,86.55817,30.776,162.55,134.569,35.8507,182.943,-803.855,35.5641,192.064,-102.862,0.5724746,0.710819275,0.323583
A,256,.,.,.,SER,.,255,255,15,15,6.98566666666667,23.8663333333333,-13.9373333333333,1.91,1.73647,0.568003,3.40802,6,58.305279,0.414030833333333,0.03254675,-0.205302,1.31671,1,0.11071275,0.110713,242.2451,69.48717,33.214,175.932,-40.7575,35.8507,182.943,-803.855,35.5641,192.064,-102.862,0.3061858,0.300834716666667,0.30366
A,257,.,.,.,LYS,.,256,256,11,11,5.69877777777778,28.0438888888889,-15.3547777777778,1.92,1.70189,0.170134,1.53121,9,266.204877,0.412300777777778,0.152941659111111,-0.302507888888889,-88.4172606,1.11111111111111,0.365274111111111,0.365274,664.5825,122.37044,35.5641,192.064,-102.862,35.8507,182.943,-803.855,35.5641,192.064,-102.862,0.261410822222222,0.260405422222222,0.293888
A,258,.,.,.,LYS,.,257,257,11,11,2.36122222222222,27.3856666666667,-13.1487777777778,1.92,1.70189,0.170134,1.53121,9,189.82729,-0.3629837,0.382746222222222,0.231384,-125.349681,1.22222222222222,0.466031888888889,0.466032,551.1553,122.13926,34.002,192.214,-93.5581,35.8507,182.943,-803.855,35.5641,192.064,-102.862,0.676772277777778,0.662998411111111,0.385526
A,259,.,.,.,ALA,.,258,258,0,0,5.1904,24.957,-9.0972,1.92,1.97378,0.96356,4.8178,5,1.935561,0.2124462,0.2581798,-0.03902264,0.8787476,1.6,0.0981205,0.0981205,132.40403,64.29516,31.054,184.287,91.5507,35.8507,182.943,-803.855,35.5641,192.064,-102.862,1.4659584,1.4665268,0.179845
A,260,.,.,.,TYR,.,259,259,18,18,1.31566666666667,24.9148333333333,-6.02208333333333,1.91,2.17883,0.980299,11.7636,12,38.407896,-0.28995225,0.467660333333333,-0.332789416666667,23.232736,1.33333333333333,0.0909854041666667,0.0909854,357.62287,141.93006,30.5393,190.118,193.296,35.8507,182.943,-803.855,35.5641,192.064,-102.862,1.10133666666667,1.086251,0.607016
A,261,.,.,.,ARG,.,260,260,1,1,0.982909090909091,21.1685454545455,-4.07109090909091,1.92,1.84464,0.247832,2.72615,11,0,0,0,0,0,2.27272727272727,0.352563824545455,0.352564,226.1187,135.11676,27.7872,173.619,368.207,35.8507,182.943,-803.855,35.5641,192.064,-102.862,2,2,0.346519
A,262,.,.,.,ASP,.,261,261,3,3,4.21725,19.156375,-5.5895,1.91,1.71635,0.28986,2.31888,8,0,0,0,0,0,2.375,0.6488335,0.648834,139.16542,87.24989,26.1575,154.216,425.673,35.8507,182.943,-803.855,35.5641,192.064,-102.862,2,2,0.29893
A,263,.,.,.,VAL,.,262,262,19,19,8.47614285714286,18.3484285714286,-3.18642857142857,2.01,2.38596,1.30011,9.1008,7,0,0,0,0,0,2.57142857142857,0.550566857142857,0.550567,142.83281,96.45396,25.9488,151.075,502.227,35.8507,182.943,-803.855,35.5641,192.064,-102.862,2,2,0.231893
A,264,.,.,.,ALA,.,263,263,0,0,10.953,15.7634,-4.9742,1.92,1.97378,0.96356,4.8178,5,19.143827,0.2258152,0.2347352,-0.2304218,9.770664,1.8,0.5411682,0.541168,158.7999,63.08026,25.2978,131.446,447.512,35.8507,182.943,-803.855,35.5641,192.064,-102.862,1.483263,1.7320782,0.328491
A,265,.,.,.,TRP,.,264,264,17,17,15.2727857142857,14.2116428571429,-1.38235714285714,1.91,2.30258,1.10554,15.4775,14,88.47613,0.182916357142857,0.0522788571428571,-0.149667214285714,49.8103,1.78571428571429,0.32124805,0.321248,481.20893,165.1833,25.3558,124.592,421.433,35.8507,182.943,-803.855,35.5641,192.064,-102.862,1.46927787857143,1.46855846428571,0.139569
A,266,.,.,.,LEU,.,265,265,10,10,14.671875,11.542875,-6.232125,2.01,2.13035,1.31155,10.4924,8,110.897608,0.448724,0.306946625,-0.2062975125,85.777899,1.5,0.14341159375,0.143411,404.2396,113.99933,25.6505,108.026,268.588,35.8507,182.943,-803.855,35.5641,192.064,-102.862,0.8165672625,0.8121784375,0.0764314
A,267,.,.,.,GLY,.,266,266,7,7,15.88475,8.0935,-3.501,1.9,1.11007,0.529328,2.11731,4,23.6142,0.2260975,-0.03669225,-0.100168,-0.691797,1.75,0.65758,0.65758,134.7524,47.00089,25.5323,95.4011,157.963,35.8507,182.943,-803.855,35.5641,192.064,-102.862,1.504176025,1.50399535,0.111382
A,268,.,.,.,GLU,.,267,267,6,6,17.2471111111111,4.47566666666667,-0.368888888888889,1.91,1.80406,0.175107,1.57596,9,82.24609,0.447713444444444,-0.139776244444444,-0.213011554444444,-41.38159,1.55555555555556,0.501246444444444,0.501246,355.9541,103.4892,24.2828,81.4976,51.0694,35.8507,182.943,-803.855,35.5641,192.064,-102.862,0.916565555555556,0.916107,0.260965
A,269,.,.,.,CYS,.,268,268,4,4,13.1998333333333,5.639,1.1005,1.91,2.00989,1.38398,8.30386,6,0,0,0,0,0,2.66666666666667,0.551263666666667,0.551264,127.05834,81.39843,22.3961,78.9834,95.8665,35.5811,189.622,-883.338,35.5641,192.064,-102.862,2,2,0.238515
A,270,.,.,.,ASP,.,269,269,3,3,15.63025,4.244,4.275375,1.91,1.71635,0.28986,2.31888,8,3.15313,0.239731,-0.051345875,0.043255125,-1.231475,2,0.80659775,0.806598,164.145,86.94005,23.1727,83.0412,33.7077,35.5811,189.622,-883.338,35.5641,192.064,-102.862,1.64612625,1.64551575,0.136041
A,271,.,.,.,GLN,.,270,270,5,5,19.044,8.56333333333333,3.04688888888889,1.91,1.77783,0.304099,2.73689,9,98.735954,0.427871111111111,0.0132944444444444,-0.235275488888889,-43.71423627,1.55555555555556,0.609508222222222,0.609508,386.808,105.95065,25.044,98.5725,105.978,35.5811,189.622,-883.338,35.5641,192.064,-102.862,0.906228244444444,0.905791544444444,0.32776
A,272,.,.,.,GLY,.,271,271,7,7,15.01525,10.41275,3.25875,1.9,1.11007,0.529328,2.11731,4,0,0,0,0,0,2,0.8912235,0.891223,69.9753,47.05496,24.0876,106.794,270.07,35.5811,189.622,-883.338,35.5641,192.064,-102.862,2,2,0.0897289
A,273,.,.,.,CYS,.,272,272,4,4,13.4181666666667,9.3695,6.04183333333333,1.91,2.00989,1.38398,8.30386,6,0,0,0,0,0,3.16666666666667,0.946561333333333,0.946561,118.9883,80.5189,23.1598,102.579,248.914,35.5811,189.622,-883.338,35.5641,192.064,-102.862,2,2,0.20253
A,274,.,.,.,LEU,.,273,273,10,10,18.00475,9.974,7.740875,2.01,2.13035,1.31155,10.4924,8,19.8916,0.111553375,-0.0560955,-0.00584345,10.5514,2.125,0.6171895,0.61719,241.58211,113.68057,25.2017,112.775,129.651,35.5811,189.622,-883.338,35.5641,192.064,-102.862,1.8158355,1.81475325,0.376413
A,275,.,.,.,ALA,.,274,274,0,0,16.9986,13.6618,5.8916,1.92,1.97378,0.96356,4.8178,5,3.24052,0.1691574,0.1020768,-0.0310822,0.232357,1.8,0.6697618,0.669762,124.7871,64.10188,26.4536,129.426,267.717,35.5811,189.622,-883.338,35.5641,192.064,-102.862,1.7312302,2,0.205359
A,276,.,.,.,LEU,.,275,275,10,10,12.821375,14.73225,6.940125,2.01,2.13035,1.31155,10.4924,8,0,0,0,0,0,3,0.856196375,0.856197,165.51274,113.77881,25.3045,133.321,387.373,35.5811,189.622,-883.338,35.5641,192.064,-102.862,2,2,0.100401
A,277,.,.,.,ALA,.,276,276,0,0,14.8098,13.5302,10.5642,1.92,1.97378,0.96356,4.8178,5,0,0,0,0,0,2.6,0.7000192,0.700019,87.01014,63.42241,25.6757,129,216.523,35.5811,189.622,-883.338,35.5641,192.064,-102.862,2,2,0.162209
A,278,.,.,.,GLU,.,277,277,6,6,18.9196666666667,14.6978888888889,9.70122222222222,1.91,1.80406,0.175107,1.57596,9,69.20563,0.422177777777778,0.262972322222222,-0.004784,-25.052151,1.44444444444444,0.590471777777778,0.590472,318.9191,103.11216,28.1947,142.4,141.042,35.5811,189.622,-883.338,35.5641,192.064,-102.862,0.920512688888889,0.919135222222222,0.230921
A,279,.,.,.,LEU,.,278,278,10,10,15.957875,18.825875,8.5825,2.01,2.13035,1.31155,10.4924,8,65.918531,0.235230125,0.23592675,0.14085025,41.899841,1.625,0.338054875,0.338055,345.206,114.29965,28.7368,157.262,290.32,35.5811,189.622,-883.338,35.5641,192.064,-102.862,1.2568344125,1.2565685,0.200981
A,280,.,.,.,LEU,.,279,279,10,10,12.50625,17.49,11.924875,2.01,2.13035,1.31155,10.4924,8,12.805736,0.032453,0.209371375,0.12034675,10.15167,2,0.484554625,0.484555,200.6469,113.97888,28.0037,151.637,267.724,35.5811,189.622,-883.338,35.5641,192.064,-102.862,1.514508975,1.5141111625,0.190302
A,281,.,.,.,GLY,.,280,280,7,7,15.70475,16.6275,15.17675,1.9,1.11007,0.529328,2.11731,4,75.9254,0.2045275,0.26641575,0.33767275,3.24271,1.5,0.3257725,0.325772,225.2247,46.99712,29.7969,149.727,82.7218,35.5811,189.622,-883.338,35.5641,192.064,-102.862,1.015123225,1.01450385,0.0859702
A,282,.,.,.,TRP,.,281,281,17,17,12.1413571428571,14.0921428571429,14.8035,1.91,2.30258,1.10554,15.4775,14,10.69974,0.0145144285714286,0.0841444285714286,0.113257785714286,3.62964,2.07142857142857,0.559995714285714,0.559996,304.46313,164.02795,27.7841,133.011,15.8452,32.6528,180.245,-469.192,32.3963,206.097,327.491,1.73809492142857,1.73720494285714,0.285017
A,283,.,.,.,LYS,.,282,282,11,11,19.8857777777778,11.5653333333333,13.2124444444444,1.92,1.70189,0.170134,1.53121,9,111.51997,0.278993555555556,0.1806837,0.181780355555556,-84.678613,1.66666666666667,0.654631111111111,0.654631,397.39136,121.90633,28.1111,129.052,-80.0627,35.5811,189.622,-883.338,35.5641,192.064,-102.862,1.15769773333333,1.15636741111111,0.16137
A,284,.,.,.,LYS,.,283,283,11,11,20.043,10.5804444444444,19.0132222222222,1.92,1.70189,0.170134,1.53121,9,213.92491,0.281568888888889,0.130695666666667,0.0751262222222222,-146.81833,1.44444444444444,0.732925444444444,0.732925,581.55957,122.5035,29.8729,126.083,-258.758,32.6528,180.245,-469.192,32.3963,206.097,327.491,0.963519277777778,0.9555069,0.131222
A,285,.,.,.,GLU,.,284,284,6,6,14.284,9.81344444444444,18.9046666666667,1.91,1.80406,0.175107,1.57596,9,48.39321,0.155160111111111,0.129049288888889,0.584834111111111,-24.358318,1.44444444444444,0.820765222222222,0.820765,309.22037,103.38812,28.5146,118.773,-235.377,32.9128,139.801,-505.754,31.5209,165.459,225.653,1.01958411111111,0.995704333333333,0.336386
A,286,.,.,.,LEU,.,285,285,10,10,14.886875,7.42,14.092,2.01,2.13035,1.31155,10.4924,8,0,0,0,0,0,2.75,0.6372625,0.637263,160.97665,113.14474,26.0453,109.359,-151.85,32.9128,139.801,-505.754,31.5209,165.459,225.653,2,2,0.173363
A,287,.,.,.,GLU,.,286,286,6,6,19.6163333333333,6.482,14.4093333333333,1.91,1.80406,0.175107,1.57596,9,27.9323,0.190214111111111,-0.0326712222222222,-0.00447811111111111,-18.48078,1.88888888888889,0.747921555555556,0.747922,266.47167,103.55599,27.3046,107.908,-272.914,34.1621,145.365,-664.978,35.5641,192.064,-102.862,1.66329544444444,1.65610288888889,0.300009
A,288,.,.,.,ASP,.,287,287,3,3,18.464625,5.201125,19.21375,1.91,1.71635,0.28986,2.31888,8,40.46149,0.16679335,-0.0954281625,0.27755975,-19.07814,1.625,0.64438,0.64438,245.42637,87.44093,28.761,108.271,-400.402,32.9128,139.801,-505.754,31.5209,165.459,225.653,1.3469125,1.343622625,0.330889
A,289,.,.,.,LEU,.,288,288,10,10,13.312375,3.699,17.71275,2.01,2.13035,1.31155,10.4924,8,1.45191,-0.048295375,0.03898075,0.10850375,0.988718,2,0.402255875,0.402256,193.07115,113.861,26.5812,99.2675,-300.858,32.9128,139.801,-505.754,31.5209,165.459,225.653,1.8437615,2,0.193271
A,290,.,.,.,VAL,.,289,289,19,19,15.7528571428571,1.291,14.7204285714286,2.01,2.38596,1.30011,9.1008,7,5.98659,0.124653285714286,-0.0212978571428571,-0.0664538571428571,3.78085,2.14285714285714,0.389758,0.389758,166.91655,95.97649,25.5149,92.2057,-284.042,31.7,98.3315,-529.048,30.82,101.567,-236.107,1.808386,1.80972057142857,0.148742
A,291,.,.,.,ARG,.,290,290,1,1,20.2731818181818,1.15463636363636,16.7350909090909,1.92,1.84464,0.247832,2.72615,11,179.881297,0.546892545454545,-0.282349181818182,0.0621999090909091,-67.5517844,1.18181818181818,0.532075818181818,0.532076,579.1564,137.89468,27.9355,96.9072,-412.141,31.7,98.3315,-529.048,30.82,101.567,-236.107,0.528810772727273,0.646053118181818,0.438384
A,292,.,.,.,ARG,.,291,291,1,1,15.4347272727273,1.51327272727273,21.3883636363636,1.92,1.84464,0.247832,2.72615,11,159.235987,0.0427399090909091,0.0825428545454546,0.466065727272727,-61.7187115,1.36363636363636,0.452198636363636,0.452199,546.6437,137.59562,28.5379,97.7114,-431.174,31.7,98.3315,-529.048,30.82,101.567,-236.107,0.862823681818182,0.850265118181818,0.504286
A,293,.,.,.,GLU,.,292,292,6,6,11.746,-2.42833333333333,18.2558888888889,1.91,1.80406,0.175107,1.57596,9,23.37764,-0.134865777777778,-0.061872,0.156124888888889,-15.46724,1.77777777777778,0.331124222222222,0.331124,222.33303,101.6233,26.3018,89.1937,-304.38,31.7,98.3315,-529.048,30.82,101.567,-236.107,1.684382,1.67084722222222,0.24964
A,294,.,.,.,HIS,.,293,293,8,8,15.4542,-3.6686,14.9289,1.91,1.68392,0.470428,4.70428,10,22.93603,0.2667241,-0.02374192,-0.09410307,-2.55575,1.7,0.3650396,0.36504,234.9608,111.12023,26.4078,88.4805,-309.947,31.7,98.3315,-529.048,30.82,101.567,-236.107,1.5922928,1.5896078,0.116275
A,295,.,.,.,ALA,.,294,294,0,0,16.2666,-5.8708,19.8482,1.92,1.97378,0.96356,4.8178,5,68.4664662,0.4867202,-0.0694918,0.1096282,5.1892816,1.4,0.16292646,0.162927,235.2233,63.95005,29.047,95.7481,-402.039,31.7,98.3315,-529.048,30.82,101.567,-236.107,0.808542154,0.80658076,0.262039
A,296,.,.,.,SER,.,295,295,15,15,12.8915,-6.1645,20.9956666666667,1.91,1.73647,0.568003,3.40802,6,68.185829,-0.1745865,0.0247445666666667,0.524244666666667,-11.812651,1.33333333333333,0.114207,0.114207,254.0917,70.32354,28.5325,94.0802,-307.551,35.5641,192.064,-102.862,35.8507,182.943,-803.855,0.823678516666667,0.823192533333333,0.271469
A,297,.,.,.,ILE,.,296,296,9,9,12.084,-7.976125,17.035875,2.01,2.51899,1.41804,11.3444,8,1.938561,-0.06431875,-0.23332775,-0.057033625,1.974425,1.625,0.110996275,0.110996,239.5807,113.70135,26.8388,90.7007,-189.166,35.5641,192.064,-102.862,35.8507,182.943,-803.855,1.54295125,2,0.226849
A,298,.,.,.,ASP,.,297,297,3,3,16.04,-10.1485,17.881,1.91,1.71635,0.28986,2.31888,8,119.83394,0.3980790875,-0.44237705,-0.1410856125,-33.31653,1.25,0.1943195875,0.19432,377.9475,87.76454,28.9978,96.8597,-233.939,35.5641,192.064,-102.862,35.8507,182.943,-803.855,0.529928525,0.52951455,0.184747
A,299,.,.,.,ALA,.,298,298,0,0,13.7476,-11.2566,21.945,1.92,1.97378,0.96356,4.8178,5,115.5169,0.226282,-0.1604258,0.4482186,29.58567,1.4,0.05238752,0.0523875,301.1159,63.12697,30.82,101.567,-236.107,35.5641,192.064,-102.862,35.8507,182.943,-803.855,0.814731138,0.8146907632,0.116037
A,300,.,.,.,GLN,.,299,299,5,5,10.9896666666667,-13.3762222222222,20.1386666666667,1.91,1.77783,0.304099,2.73689,9,221.36214,-0.213458922222222,-0.302074333333333,0.225583155555556,-7.578993,1.22222222222222,0.131520065555556,0.13152,612.8532,110.06816,29.0783,100.887,-74.8645,35.5641,192.064,-102.862,35.8507,182.943,-803.855,0.518440411111111,0.514881477777778,0.40707
